100
14 74 86
2 73 42
3 1 12
13 10 94
9 8 98
3 23 2
9 34 32
10 32 6
13 80 1
5 13 23
9 91 68
9 1 7
14 67 30
12 29 38
4 87 15
15 95 24
13 80 18
4 14 17
2 87 24
18 40 44
14 8 66
5 7 67
13 36 7
3 17 31
17 9 12
10 9 1
3 29 9
12 2 1
19 26 71
8 7 1
7 2 6
7 2 5
19 72 57
9 72 3
14 4 1
9 10 8
12 33 73
20 75 13
3 1 2
8 50 30
20 56 49
9 7 10
20 3 13
13 84 59
2 99 82
5 5 7
4 35 71
17 3 8
6 1 98
2 30 40
14 30 1
10 73 16
20 3 10
17 95 3
12 86 90
17 10 1
14 22 47
19 4 1
11 3 47
15 58 84
18 6 71
5 18 47
6 1 42
13 20 7
15 4 8
3 1 56
6 3 9
18 16 70
8 28 14
19 10 3
16 78 80
7 2 55
20 2 7
15 23 7
17 2 22
5 7 5
3 56 20
20 14 31
6 96 31
19 70 30
20 88 96
2 5 7
9 39 9
20 19 2
6 29 6
5 87 95
8 29 8
2 52 3
15 56 85
4 92 38
10 39 8
12 5 6
8 10 42
20 30 2
20 89 89
13 38 66
9 1 90
8 24 5
10 92 48
7 72 40
