100
4498 20 6
4057 9 6
4212 4 1
1451 2 31
4832 5 39
4265 20 7
4862 96 2
3412 45 26
4703 73 2
4482 4 21
4126 5 37
4547 35 12
2012 18 4
3616 56 35
2373 37 2
4073 61 43
4791 21 5
4054 83 4
1078 16 9
4251 2 3
4321 1 6
4226 9 2
4020 15 1
4767 6 77
779 3 14
2455 42 3
2500 28 1
2616 1 8
4983 31 1
312 19 12
3282 4 1
4743 3 60
4259 43 14
2101 1 46
4586 48 5
4741 1 48
4982 6 1
2612 28 3
3681 9 31
2076 61 96
3838 50 20
4534 15 7
1690 13 9
3719 1 37
4535 20 2
4061 47 1
4360 31 10
3891 51 1
1366 2 2
3374 33 2
4871 48 37
3575 1 76
4300 1 50
4937 1 9
4690 45 22
4691 1 53
4011 3 32
4442 28 1
3356 2 40
3385 21 4
4618 1 14
2260 3 16
4313 9 14
570 15 87
2394 57 7
2065 2 3
2448 4 31
4687 88 38
3386 26 28
4071 58 3
2624 45 56
4453 1 3
1199 1 6
4860 1 7
4137 12 56
1565 14 41
4261 4 30
4864 4 28
4017 1 1
4385 22 1
4106 10 1
4703 1 77
75 2 66
4428 1 1
3951 20 77
4442 4 6
2431 32 68
4851 43 98
2660 3 30
4460 16 5
84 10 25
2641 11 40
4707 29 1
4761 48 10
2103 44 77
4716 31 6
4181 2 71
425 18 10
316 5 12
2229 5 10
