100
6328144111844367 15 14
22213221 37 2
61797939985 7 7
146710862595 3 3
4300985580237397 23 3
5951347106712899 4 46
104254405770 18 12
8860044300260934 1 97
9253141901467061 19 89
69 47 3
6066153672288626 4 2
29449 80 4
4080608340107269 1 48
3033721829809193 30 1
9566444241152705 100 24
97657918 55 34
6135220388952133 1 1
124538526387 31 2
2728 17 25
5482228180562 41 23
52623197541 24 55
129063116191282 3 3
4860841406409591 29 12
4003482225583972 21 86
9139061066689133 95 9
1413932864931570 28 57
7345524602974 3 1
1093167044787836 80 4
173094744164629 25 16
4535296648674526 3 11
7565756870612014 84 6
1332386640079299 20 3
3698093931549384 14 4
3534603457840178 73 4
17 30 57
50344463015 33 8
8848933815203856 77 48
650212 5 23
4192670571511483 55 9
3367890663603430 10 7
4633202645686627 6 11
119712 73 80
9872038972216545 91 86
6888031225989408 4 64
61117799 8 10
5822 48 26
7979151167094040 1 22
10284438 3 55
108151 96 89
9311633681618946 1 14
7423789369543696 13 15
688867480675488 16 94
2697522362560024 15 8
475 3 36
9806343763334629 26 26
672 7 2
316988203699193 28 7
2714623050966164 13 9
41346771245742 45 24
840479996157960 3 6
487964778139798 3 88
9 3 1
6408442996703425 8 3
1089886953158429 6 1
1077575076 7 1
26 30 11
7010792084432445 1 52
3616362880893564 29 12
7857375378820115 12 1
820964007 57 100
8491936743928886 70 57
946301 94 2
6046475043339300 9 3
9314046860874182 1 1
5608392231862378 2 6
7172834638093844 1 30
1275396838875324 57 43
12 89 25
1641100489217 17 21
6947873012 10 79
65069513534 1 5
50864207237 44 7
1215417675 1 15
128613049 1 1
8266773540394054 1 1
6476704869741986 2 32
6993134391487173 22 59
15626 8 11
7328 30 23
3 6 8
157369403 2 27
20752034674108 6 11
4271992892248066 12 1
1687990626949419 2 31
5843893753493559 6 5
8347570709898792 1 83
7838860210328386 16 63
32982659 15 75
1102 65 17
4890 9 3
