100
492342
44110
8
9584197
63
727
638918
955
56
1
6
458522
9714070
285
505334
917537
10059
84814
685150
316
50921
2024
757621
4
83
8007
8071
511419
703039
343
2847938
6929950
9973920
8245
5691
79242
502211
422610
5
134
1591882
83872
1396946
26141
8889
90
5217
2590
673429
720
9727
656
1882
89253
21
31
67096
377886
2238920
6618000
2
344
2027355
928
36364
441
1339
9673257
1683
4807719
3053125
6284706
554
3
19
9376
110472
8915658
9
10
44
1764
345892
582
142058
43179
488
90682
7
581
374296
1543
230
82566
27
18803
666365
6772285
4087276
1153272
