5
150 20
-4858308 -664218 629
8892589 -1217818 4
1986449 -9566327 29346
9495950 -5378285 3351947
-4140750 1830755 669
-3901168 8452459 467
7416823 6939771 5
-3776640 -7099996 433
-3879635 -1527341 117
-9930901 -1961084 29060
5049774 -9568714 32266
3646502 5640673 416198
-6439983 -5491679 106
5555963 9983457 2665642
-5472013 -3023318 929402
-8541180 8812482 845783
-1020202 5600558 1029110
-1789839 6395891 22483
-4067204 8596710 6
-4704299 2338597 732224
-2189186 -6330482 4
-565359 9855234 10
9727057 4798754 2
147891 -1432189 17756
8246680 3493746 594
-8301257 -1849460 7
4930575 8111584 245
6175928 -6687755 204
7201677 -7787409 21230
-9146577 4454356 1
5316851 -3989445 44574
6462019 -3511700 12808
-6755537 -7049151 410
7600626 5669326 435
3090570 -921102 39091
-6690333 14134 18768
-413687 -1228708 287
-4023475 -7106546 2417819
-9148270 1309932 2133597
544212 281086 1026221
2061365 -8276078 410
3469812 7020521 10
6756880 2859904 8
7523130 -7890806 19589
5249768 7394780 38309
-9606166 8472633 3141055
-5427922 -1836361 23489
2686517 4609898 602
-2667982 6483226 18578
-5130506 -4141216 508
-8727076 -7698941 2
-1490707 -7729326 21859
-6423468 8619777 136
-4869338 -8228474 2475187
6749790 -1245794 3
4249614 -3744227 47287
3114551 -3707923 422470
-9591631 1254769 2499061
-4582742 740882 9
-6433135 -3391730 2
-3993450 -8316039 569094
2600620 -2536571 5
8483731 -3267491 265
6607256 -5168318 6
-3142416 -8391060 8
2431614 -3229478 563
-2221009 4211463 1931030
5087327 -745857 2737091
7744471 9324585 8
3442772 748211 465
-9338730 -6704104 2117883
-2781203 574829 912277
3508730 62522 631
-94733 -8940575 585
2307436 -2313634 3222664
-9389912 4185522 9
7894974 -2224157 8
2142000 7109185 9
-2249644 9142636 9
-8192393 -2701511 7814
-1260910 6349220 5
-8855366 -4372554 1087010
-595892 -4616377 7986
1618660 -7194998 16683
-8262483 290243 46660
-4152142 -983570 2015981
-2639959 -2557502 5
-5088804 2698056 1132744
7862194 -4833608 17241
-297590 -221075 6
2399545 -1699953 1008889
-2588758 -3043221 2
-8183145 2898840 2
6516928 7441505 5
2558566 2536195 47458
-2083138 -75072 99
-4933004 3121206 22880
3308414 7831694 16489
162940 -3355712 9
-5109583 5607239 3246555
3411320 9036479 588
-1186422 -6839107 597
-1917461 810903 3
-266979 7341960 5
-3991542 -4081823 27314
7721728 256337 48897
-1375594 8187498 3
158978 5440163 2668256
2904188 8214567 139
-81885 6084570 29319
-634408 7901024 15256
-1747416 6685575 1
6723019 3419411 14609
1766045 -1391295 7
-1324533 -4085938 2213690
2092174 4091943 108
1246681 -5817727 365471
370431 -3675113 4
-5304008 4045945 26567
8066260 -1931050 2758448
-3444926 9886685 42514
5245974 -9117831 563
159244 -2279905 3088926
-2781887 -8228415 414
1059144 -1273848 1510043
485175 -1381699 1307629
4550743 -1624177 1972279
-3234784 7718351 280
-4948100 2196799 7
-5283765 -6987568 1391435
8798385 3876747 13635
6572347 -3086721 30829
-9204729 9104398 1
-1019733 -6884938 36573
-584399 2348279 122
7588039 1397117 48801
527423 -2364935 695
-9682652 8559894 196
-3806485 3313967 3
-2535196 -8806970 687
-2091909 -9881384 25069
-5527263 -2086703 10
2945803 -1209541 9
9421734 8580261 13228
6983502 4260183 104
5813056 269074 679
8312107 -6408185 358
-8052243 8714744 3274093
-2477320 7786251 5
6338125 -3668421 18152
200 20
1525560 -1512915 15897
9894092 -4323065 9
2851495 -6137295 411
3937823 -3829176 474
211231 -1740820 21650
9679882 7353733 1
131519 3904747 217
-6349498 -1616351 468
-8442190 1793017 373
-7697816 -6581591 1935803
-8068762 -163305 2874013
-9764135 -9185550 1971856
2295953 2846669 432
6730886 2655210 44986
-9971994 -1285447 2653289
5572117 8587489 554
7286976 7657049 318
329249 -8957418 3179501
-2770406 6200941 1
-4793195 -3497787 1514891
2281061 7358954 370
6518497 -8317512 354
5054605 6307838 2895109
4789769 -7751088 589
-302143 4301594 466
-4264858 -7771144 1329975
-8245144 -4366970 1211322
8949827 -388534 3157822
-6108208 -5664673 47037
3247267 -8637949 3112922
7444201 8585600 3
-6036670 4120070 47562
1329024 -2127400 10
8658920 3188064 5
2456928 193701 522
-6613000 8100180 33338
9483143 -2714568 10
9680903 -9064133 552
3524156 -8717646 334
-4368528 -632761 7
-5195365 5022881 2446603
-8779264 -5725018 2367358
-3538881 6698762 7868
-4714376 3430366 301
-3502722 1089374 351
-7024394 -30148 498
3993947 2421862 290
4670433 -7023885 35994
-454026 373582 32463
-8842000 -4437205 2
5487778 6643902 1210238
588635 -2966170 7
6538664 8963005 6484
-3304014 2975161 5
-8209134 1423957 7112
731077 9718441 4
4125424 6229813 2155652
-5990320 732836 15188
-3264637 -8641329 296
-3160824 156311 7
-1461294 8861000 3
-7004711 -2753670 21129
9392872 9980028 564
-7526587 8627021 1747687
6660572 -3338951 498
-3469347 2770774 1738568
8201389 977282 2287438
-4351032 5201962 28961
1214728 -5634992 2727923
-5095436 6681036 3254546
-2931527 5351467 6
7937323 -2306409 32229
-2561597 -2911615 212
1988828 -2924271 13060
2127228 -8817213 2358868
7327363 266920 11413
-9574398 -5350619 31659
9632420 2353106 90
759079 -1659352 1
-3447447 8819430 3163886
2226614 8316639 1523201
-9158884 -9712670 3362085
4896666 3643457 1048915
-9193505 -6787570 1526051
9892447 7033296 29805
4006748 -1245683 9
-1596905 9352919 449
3255106 -8390609 2534154
6149681 -2894170 33930
8579783 -9844195 4
842648 8862643 24655
2845846 -340485 84
2336727 -2875269 3400944
-3054239 -7879988 420488
-3721896 -4522920 149
601450 3677113 807387
8807339 -7870348 1
383795 -511056 1551788
-3012698 6118662 634
8563761 5752591 3
7552990 1028558 16402
-8308312 -9600947 1551755
1218425 8633825 2151915
-5528125 -8977714 8
-6891829 -919179 1824701
-3429306 -3778908 27581
-2776119 3260800 698
-332327 2331497 8
-1070244 2832211 5
-9854799 -9168890 41011
-2481946 -9415913 1
7860010 1772056 667820
-8584070 8082378 1
8571576 -2524621 2437442
-2428801 -775189 1423115
9442039 -4623043 8
8314305 5590654 32915
-4636065 -7809976 755197
-3357788 9753528 411
3004758 169766 1705423
6511272 -5748777 6
-7941247 4695566 589
-9661425 1620418 2555370
4894525 -3718930 2
-4828869 -3785509 280
-3430624 3271476 3
7119510 9557671 3022870
2916905 -4666060 4
8104770 -4306786 3
777406 -6605435 27922
6984807 5508404 583
6552283 7072477 26008
-7230885 4642661 1183563
9528762 5394833 10
-5688798 -3908068 11425
6658486 3800806 74
822258 2434783 2478307
4535474 -4280220 2283618
-8693033 -6433164 10
5418471 -8826702 1903919
5467338 3296103 363
-8780104 3992592 20778
-2921714 2331456 5
3421764 6655220 29924
3010804 9134581 378
3755217 5727772 2836274
-497172 6109475 804002
-7674163 -2833825 387
4307717 -9558914 460309
2339081 -2218348 510
-8447889 4599231 9
-7142550 9378040 1656185
951265 2200204 29599
-1353787 9766407 3348021
7550535 82594 1840893
-3238636 1395746 13205
8579689 -1751874 5
6706468 -9208117 3256594
-3153448 -6915821 5
-1785577 5727817 3
-5686806 -1073482 7
1516196 72969 84
1531442 4956776 2491411
-3584721 -2920461 4
1923928 9991839 650
3025125 -7988919 2732312
8073700 -4889235 10
-3690826 -2806984 2885998
-638734 6285246 24222
4765398 8500618 7
-5050037 -8417501 3092478
-8114426 -9327933 33005
-6710020 7483931 226
5747379 -1792169 183
8351988 -5726021 1855820
4886989 -4590391 9
-4635787 7797167 3378286
-9219467 6986418 40285
-3804160 -6828888 285
-2998045 -1298315 5127
1595448 7142681 354793
-3827399 -3974470 448
1854306 -1021952 2872866
7044293 2199515 9
-7649797 -8933599 2
7054757 4064152 658
8701268 -2606944 13022
8127103 -3600895 40650
9336906 -4177415 1701109
6618220 -6764222 8
-3205257 -7897654 10
4081839 6920987 569818
7148807 -4277564 19455
-2446142 6297877 298
-3835984 -7663742 10799
-1418780 1455182 1980110
-7634995 8708040 1
2224901 9055049 8316
-3823082 9316262 2067724
7182862 -4864353 5
200 9
-7640475 -8249734 40
6338366 -2216861 63
1582655 -7955897 912791
3797364 169658 9
-1474264 358098 634
9022870 -5303900 1175768
-8414311 -8407383 869050
-9156963 -3286804 42
6863213 -760447 1801
-7691773 -1700861 57
7308590 -9701728 3444
-1930349 3237237 7
-6205586 6439332 3
554717 -8470840 121
-793349 -6901404 124
6415978 -245510 5514132
1062099 4218442 9317541
9733163 8107211 48
-7120257 3226664 1138
8262538 4993771 18076
3863115 -1200791 16206
-1006116 2645314 13
3827850 -4125542 27
6979327 226215 160
-6150809 -4730853 2
-9822849 -684479 17796
-7013174 8341800 14
7045663 -2786251 307
2352442 6676731 6515848
9457496 -9727971 79645
-8638504 -6540350 23123
-9710143 -8369080 437
3126630 9034034 61
9471288 -853260 7
9136765 5565062 13
2149523 5463979 1667
991427 -9615032 313
-3879257 1446987 65154
-1745209 714485 23249
-4906047 -425296 514673
-8259839 -3671621 15
-460845 -1201782 111069
6978822 -3415409 683894
7058272 6385388 413968
676534 3892665 13444
-6954526 -6753732 110
-3287606 9287767 122648
1585090 -4689898 11
9916889 7376168 3
5093037 6208059 2903
-8477138 -768047 15207
6055329 -4884225 3
4447802 -1340349 178912
7196958 7381463 1216343
-6232659 4378466 703
3681344 -5089053 8706571
5021410 2492703 308
7725348 6710208 101377
4099871 -128820 258391
6842893 -6767207 6509787
1578858 238521 44
8483481 -2620953 285
7155161 792357 99402
7100766 -6612012 27
8375157 -844853 554
-3198646 7756164 26082
-6490400 332781 349492
-4052301 2175484 613
-1878788 622355 9344829
7471673 -6453501 14820
-6166614 2270390 228
543489 -853800 65003
-7489836 -2121362 24473
8895825 -7773002 6312
-7210572 -9682548 35105
-2758580 5259673 12942
-3124199 8798238 15
4897164 8166782 1
6636720 4854878 2
-7548788 -5973346 6
-3331863 -6935422 49484
611125 8416361 40758
-1397617 -7940484 531685
7610400 6040791 688600
1445245 -2956650 7
-8201640 2188622 104
878664 -6624957 3231358
5043560 2359662 336939
1850697 872084 217
7286059 -4071656 208
-7726918 9184854 102348
-6491385 -9297373 9
-2350884 -8145194 3437236
2772368 -6571943 348304
-2216762 8160285 33744
-1975608 -4280613 1238021
-7697405 3954201 39
-8633631 4985175 229386
2705802 -7474986 100
7368160 4624200 3306985
-9651558 7469374 2
7588075 6950400 1
-618851 5072632 22123
6132083 173820 8535
-952118 -5861433 472525
-3074567 -2199943 357908
7420947 7823661 81439
-4912535 8375739 822310
9322080 -3284849 57
4541158 -9938925 8955786
-5925656 -1985798 225
-1030128 4025649 48734
6483962 9134381 30064
3427986 -8075211 21633
1022511 -3787311 50049
8036732 -4484452 1819217
-9929622 9327104 56
8630123 -5597568 4
994201 4317305 2191281
3813801 3559409 1939252
5260908 1221474 36
-4837581 -4290201 10
-9771882 -2173455 62
-9551991 59754 1561184
6183792 -3778533 737843
4104512 1995747 4438369
-5571484 -1937484 20
2371121 -5609897 9552
1581359 -10948 443
5364926 4899534 1
-9557257 -7317424 589
-125829 -2348859 1
7130384 -4832695 566
-4162215 4765414 28
-9292408 -8804059 87868
-96360 -3847156 350
-4297990 4871653 3294
2357586 8303438 1008
-5861736 -8216466 206
-1840194 3460213 1494545
1745628 7713676 107
6057973 9761377 94902
-3698975 4812167 120967
-1235786 -8010008 2
-6612185 400617 15
5636859 2069575 112322
5523382 5130749 2348
1387432 -8889477 8791158
3263832 2994415 6
5327392 -2092453 46682
-6187183 -7143195 18617
-2052680 2964133 3
-8969421 5961375 2
-5436704 -8291199 62
-7629117 -2297022 24
-9906822 5164792 44
-1484380 9305862 1
879629 -7790713 93
1289567 -3984199 2483
-3133355 -1727927 1252
5501613 738064 1
-8078859 -9289045 29
-9179326 -5356943 84
8037480 7697559 384
5581832 -2022586 1
-791685 -4503144 181
7183115 -9042237 6
-529479 -4812549 25008
-279943 5376238 254685
6225171 2696650 100
-9148911 -6158119 403
5183064 1299733 7776
-6417221 -7465986 2023189
753346 -2932085 39
515601 -4053031 1033184
-1093147 9111715 278
2032705 8864759 2137
-5740098 1607770 16156
-4030099 35928 31
5703993 -6268583 36
-5394089 -8779498 48938
-188205 3155307 164842
-6616934 -6051531 15
-6175408 4944167 1736
-294327 -1904463 418799
-1456516 8533229 11971
-1518512 -5624275 238767
9183146 712570 134
-570379 -4082517 78
777874 -9403553 435938
3510041 -3218218 1958
-7013673 504647 93480
-1889230 3921544 37
2028564 3397574 586
878922 3291346 31
6775400 3705282 2074
7814255 1074888 373
5666268 2243239 515
3501094 7903113 2
8551071 -3942929 49843
180 10
-432445 -362176 1
833992 772978 24
-461978 460886 504
339865 626303 10584
-802636 885247 1199
687331 150965 24
845816 155120 24
196364 -885530 10584
87692 -535860 24
276039 -676758 10584
465932 293001 10584
799402 -231682 504
674478 -574443 504
-488601 -514069 10584
831649 -229094 1
687318 150973 10584
-232782 549991 24
725436 480355 24
432875 -771363 504
21852 -499638 1
-125368 677187 1
465947 292991 504
-85777 -104673 504
845835 155126 10584
831665 -229091 10584
845826 155107 1
831672 -229055 504
276041 -676742 24
276028 -676766 1
279652 10558 10584
-432442 -362181 24
799409 -231688 1
601006 881843 10584
681027 -592963 10584
706976 658796 504
-125364 677177 24
432862 -771372 10584
21842 -499621 504
614268 -57083 504
-488613 -514091 24
725449 480345 504
-206324 716504 504
833968 772986 10584
614283 -57093 1
-432451 -362170 504
601011 881881 1
573945 555093 1
666866 799596 24
465924 293012 24
-206344 716537 10584
831637 -229064 24
706986 658792 1
725421 480363 10584
196361 -885527 24
-802596 885283 14
778747 -3696 1
87702 -535867 10584
687327 150964 504
-802652 885265 4
799395 -231723 24
-223152 -707619 24
-802587 885298 4046
21862 -499655 10584
552485 107135 24
753548 -891663 1
129082 -302999 1
-493996 502909 1
-211174 -582009 504
-223160 -707620 10584
778767 -3689 504
160901 464504 1
-461967 460874 1
278996 -582384 24
833973 772992 504
687316 150975 1
279030 -582350 504
845813 155129 504
432852 -771354 24
-802647 885277 237
-125374 677190 504
799400 -231715 10584
454340 688123 10584
279009 -582388 10584
339898 626312 1
674475 -574434 1
-802593 885222 21
-802585 885222 2697
129068 -303025 10584
-802590 885256 31
-232786 550010 10584
-461984 460909 10584
21871 -499646 24
614260 -57106 10584
-802598 885219 6069
674473 -574442 10584
573910 555101 10584
87716 -535880 504
666872 799601 1
-206329 716531 24
753537 -891664 10584
129083 -302998 24
419978 -756683 10584
-802643 885217 158
-488637 -514055 504
600993 881848 24
-866860 347169 24
681011 -592946 504
666857 799572 10584
-223173 -707619 1
778770 -3693 10584
-461950 460909 24
-494019 502907 10584
279659 10561 504
706952 658798 10584
160877 464532 10584
419953 -756659 1
-432456 -362188 10584
-802649 885226 799
778758 -3703 24
706958 658786 24
-206316 716535 1
833971 772994 1
680998 -592973 24
-488605 -514078 1
129061 -302998 504
552514 107134 1
-223152 -707616 504
-494001 502948 504
666880 799604 504
454367 688107 24
573907 555075 504
432873 -771351 1
-802630 885250 70
276048 -676724 504
160873 464534 504
87696 -535876 1
339892 626311 504
454335 688098 1
-211167 -582035 10584
-493995 502938 24
-802590 885254 533
339902 626324 24
552505 107157 504
614252 -57083 24
-85781 -104657 24
-85765 -104672 10584
681025 -592983 1
-866831 347147 10584
-802653 885282 105
279687 10534 1
-232800 549992 1
465927 293017 1
196388 -885521 504
552503 107137 10584
160874 464527 24
674442 -574417 24
-802653 885261 1798
419968 -756671 504
-802627 885218 6
600972 881880 504
-802589 885264 47
753522 -891674 24
-866859 347169 504
196355 -885544 1
-232817 549996 504
-802594 885263 9
278995 -582374 1
725436 480337 1
-802580 885260 355
419952 -756674 24
573922 555105 24
-802593 885233 9103
-866830 347156 1
-211142 -582032 1
-85745 -104655 1
454342 688109 504
279655 10538 24
-125338 677171 10584
-211160 -582004 24
753519 -891648 504
167 3
581830 -836444 14641
327899 906971 121
-715245 765590 14641
-580484 -454022 121
166172 839526 1331
84345 -386070 11
581828 -836443 1331
-136480 -564529 3
904340 61765 11
275583 -453380 161051
-965637 -342654 161051
84336 -386066 1
-939403 -832384 1
-136474 -564519 3
-175969 144989 1331
-599885 -827969 11
527439 891017 11
502556 -63553 161051
327894 906961 1331
-715251 765597 14641
166164 839545 11
-939417 -832391 11
584605 -905777 878872
84336 -386080 1331
527421 891028 121
904334 61765 1
-196185 874022 14641
-961445 532615 161051
-778275 813048 121
581820 -836445 121
-136482 -564521 3
-196173 874013 1331
-683679 -867576 1331
-136469 -564542 3
-965647 -342643 121
-683685 -867577 14641
327892 906965 14641
-196180 874008 121
-533657 -913002 30
275585 -453386 1
216759 -809621 121
-153750 -685980 11
-715249 765598 14641
-533654 -912979 54
-843858 469220 161051
502566 -63565 1331
166171 839530 14641
-683691 -867563 121
-778280 813046 1331
327895 906964 11
-961447 532603 1331
-472668 -666644 7274
581838 -836442 11
-472650 -666643 1331
-939422 -832382 14641
-843852 469212 11
-175976 144993 11
502571 -63546 14641
584622 -905759 161051
-533657 -912994 81
327892 906971 161051
-778272 813038 1
-136464 -564536 3
-778287 813045 11
-961435 532613 121
-599884 -827972 14641
527425 891037 1
-682226 583199 11
-683682 -867560 161051
-778285 813052 14641
584606 -905781 161051
84333 -386069 121
275579 -453398 14641
-472656 -666622 1331
-153732 -685972 1
584626 -905780 161051
527439 891019 1331
-965642 -342645 1331
-965647 -342639 1
-580488 -454043 121
-580473 -454034 121
581833 -836452 1
502570 -63554 1
-580486 -454036 1023
-715235 765598 14641
-533647 -912991 11
-175959 144991 1
84343 -386080 161051
-580491 -454026 121
904332 61776 1331
-175973 144993 14641
584632 -905771 161051
-683681 -867569 11
-965633 -342651 14641
166164 839541 161051
-580476 -454044 121
-196185 874012 161051
-939412 -832383 121
-961433 532604 14641
-843855 469226 14641
-682227 583212 121
-472661 -666620 1331
502560 -63564 121
-153750 -685990 14641
-153739 -685991 161051
84330 -386067 14641
-843845 469223 121
166164 839526 1
-533647 -912978 11
275598 -453397 11
-843844 469221 1331
216758 -809620 1331
527438 891035 161051
-715257 765598 14641
-682219 583217 1331
904344 61776 121
502566 -63547 11
-196174 874028 1
275583 -453398 121
-599887 -827975 1
166168 839544 121
-599890 -827961 121
-153737 -685974 1331
-599891 -827971 1331
-472651 -666642 1331
-778271 813052 161051
-472658 -666618 1331
-196180 874010 11
216767 -809606 14641
-682233 583203 14641
584620 -905781 1375842
-580490 -454029 121
-715251 765588 14641
-961445 532602 11
-961441 532615 1
-843858 469224 1
-533668 -912975 11
216759 -809615 11
-153744 -685972 121
-939423 -832390 161051
584614 -905785 161051
-965648 -342635 11
-472670 -666633 1331
275595 -453398 1331
-939403 -832374 1331
-683690 -867566 1
-136488 -564527 3
327905 906978 1
-175961 144991 161051
904339 61780 161051
-715248 765585 79906
-533641 -912995 11
-580470 -454051 671
581829 -836437 161051
-175969 144991 121
527429 891020 14641
584615 -905761 161051
-682230 583215 161051
-136469 -564536 3
-533646 -913002 11
216768 -809612 161051
-715259 765594 125068
904341 61776 14641
216773 -809615 1
-472655 -666634 11360
-682235 583214 1
-599891 -827959 161051
