100
6 1
843 61 292350787 592196024 2 1
9 1
189831320 189831320 189831320 189831320 189831320 189831320 189831320 189831320 189831320
7 1
43 47 26 9 7 32 11
10 1
1000000000 1000000000 1000000000 1000000000 1000000000 1000000000 1000000000 1000000000 1000000000 1000000000
1 1
1
6 1
5 8 3 2 1 1
7 1
1000000000 1000000000 1000000000 1000000000 1000000000 1000000000 1000000000
10 1
1 8047 4 95858068 1 70 4539793 7080230 8597309 66135
10 1
941173491 941173488 941173489 941173490 941173488 941173491 941173491 941173492 941173491 941173488
10 1
70312679 70312685 70312679 70312684 70312683 70312683 70312679 70312683 70312684 70312685
9 1
256 64 2 128 32 8 16 4 1
9 1
6 37 7 32 33 12 50 47 49
8 1
1 1 1 1 1 1 1 1000000000
10 1
1 17 239 577 7 41 1 99 3 1393
8 1
1 1 1 1 1 1000000000 1 1
1 1
701
7 1
1 16 32 8 64 4 2
9 1
239 577 99 17 3 1 1 41 7
9 1
1 1 1 1 1 1 1 1 1
10 1
2 34 55 21 8 5 1 13 3 1
3 1
898884745 473999566 68390101
9 1
353325242 353325244 353325244 353325247 353325246 353325247 353325244 353325243 353325244
10 1
720084326 720084321 720084325 720084326 720084324 720084321 720084325 720084321 720084321 720084325
1 1
1000000000
9 1
1000000000 1000000000 1000000000 1 1000000000 1000000000 1 1 1
9 1
1 1000000000 1 1 1 1 1 1 1
6 1
1 1000000000 1 1 1 1
9 1
1000000000 1000000000 1000000000 1000000000 1000000000 1000000000 1000000000 1000000000 1000000000
10 1
251378066 251378067 251378072 251378069 251378070 251378069 251378071 251378067 251378071 251378067
5 1
790789728 790789725 790789728 790789725 790789725
10 1
728214926 777736856 681288469 78398161 314208507 162742602 978840475 696697871 298824397 519541427
10 1
43496797 43496799 43496796 43496799 43496800 43496796 43496798 43496796 43496799 43496799
1 1
1
10 1
1 1 1 1 1000000000 1 1 1 1 1
9 1
904456739 967793742 863009587 808479934 545710823 814197365 72712561 229864382 618807600
10 1
905854840 56 2 1 373 2444780 1 1866845 426498 977159
10 1
412722572 608415036 93442013 120938689 849432334 71494377 459950774 415941289 229915793 467706956
10 1
592437606 592437604 592437602 592437605 592437605 592437605 592437608 592437603 592437607 592437603
1 1
861403113
10 1
17 16 30 29 1 15 16 39 21 14
10 1
128 64 1 512 16 4 32 2 8 256
10 1
436754949 436754949 436754949 436754949 436754949 436754949 436754949 436754949 436754949 436754949
10 1
33 17 23 17 42 25 30 5 13 43
10 1
3 1 34 21 55 13 2 1 5 8
2 1
694133965 724838380
10 1
41 9 22 12 31 49 45 32 7 22
10 1
35 36 7 35 41 8 39 10 40 42
10 1
1000000000 1000000000 1000000000 1000000000 1000000000 1000000000 1000000000 1000000000 1000000000 1000000000
5 1
375247055 212399080 247120260 943738725 256049456
10 1
873257993 873257993 873257993 873257993 873257993 873257993 873257993 873257993 873257993 873257993
10 1
1000000000 1 1000000000 1 1 1000000000 1000000000 1000000000 1 1
8 1
207171494 860031819 687003856 351494364 971221975 822526965 418985138 728432960
9 1
8 1 1 21 13 34 3 5 2
10 1
16 512 64 4 256 128 1 8 2 32
10 1
886687231 886687231 886687231 886687231 886687231 886687231 886687231 886687231 886687231 886687231
10 1
1 1 1 1 1 1 1 1 1 1
8 1
541338476 541338473 541338472 541338477 541338475 541338476 541338473 541338473
6 1
1000000000 1000000000 1000000000 1000000000 1000000000 1000000000
9 1
1 1 1 1 1 1 1000000000 1 1
2 1
922285438 788320514
3 1
413106372 299976767 921299807
1 1
1
10 1
838580196 838580198 838580196 838580200 838580196 838580195 838580200 838580199 838580201 838580197
6 1
1 5 8 1 3 2
10 1
352015201 352015201 352015201 352015201 352015201 352015201 352015201 352015201 352015201 352015201
9 1
1000000000 1000000000 1000000000 1000000000 1000000000 1000000000 1000000000 1000000000 1000000000
7 1
17 1 7 41 1 99 3
5 1
4 1 16 2 8
2 1
462152571 462152575
3 1
260843203 76329865 275268780
7 1
1 12 5 49 29 37 49
10 1
1 1 1 1 1 1 1 1 1 1
6 1
474060240 474060240 474060239 474060241 474060236 474060238
3 1
48 43 25
6 1
1000000000 1 1000000000 1000000000 1 1
10 1
1 1 1 1 1000000000 1 1 1 1 1
10 1
1 34 1 3 13 5 21 55 2 8
5 1
1000000000 1 1000000000 1 1000000000
4 1
3 1 2 1
10 1
1393 1 17 577 41 239 3 99 1 7
4 1
1 1000000000 1 1000000000
9 1
8 204009 45999 1 4 256 1 52928214 45
9 1
493524688 25073411 803406392 885806696 534432676 479191965 449476317 248154452 834172853
10 1
239 1393 17 41 3 1 1 7 99 577
10 1
170372921 170372921 170372921 170372921 170372921 170372921 170372921 170372921 170372921 170372921
8 1
961066598 961066600 961066601 961066600 961066601 961066598 961066598 961066601
10 1
1393 3 1 577 239 17 1 99 41 7
5 1
16 4 8 1 2
10 1
1 1 1 1 1 1 1 1 1 1000000000
2 1
494071692 494071692
10 1
9 27 41 32 26 34 9 27 6 36
1 1
1
10 1
5 144375819 93999 4 6 65 99436 491999 173 7
10 1
1 1 1 1 1 1 1 1000000000 1 1
10 1
5 2 8 3 34 55 13 21 1 1
10 1
1 1 1 1 1 1 1 1 1 1
10 1
3 99 1393 7 577 41 1 1 17 239
3 1
89 10 53
10 1
8 128 16 2 64 1 32 512 4 256
6 1
739364822 739364820 739364821 739364820 739364821 739364820
