500
3 2
1 2 1
5 2
1 7215 82 3867478 292707
46 2
1 1 1 1 1 1 1 1 1 1 1 1 1 1 1 1 1 1 1 1 1 1 1 1 1 1 1 1 1 1 1 1 1 1 1 1 1 1 1 1 1 1 1 1 1 1
37 1
1000000000 1 1 1000000000 1 1 1000000000 1 1000000000 1000000000 1000000000 1000000000 1 1 1 1000000000 1 1 1 1000000000 1 1000000000 1000000000 1000000000 1 1000000000 1 1 1000000000 1000000000 1 1000000000 1 1000000000 1 1000000000 1000000000
4 2
1000000000 1 1 1000000000
2 2
2 1
70 2
986559725 986559725 986559725 986559725 986559725 986559725 986559725 986559725 986559725 986559725 986559725 986559725 986559725 986559725 986559725 986559725 986559725 986559725 986559725 986559725 986559725 986559725 986559725 986559725 986559725 986559725 986559725 986559725 986559725 986559725 986559725 986559725 986559725 986559725 986559725 986559725 986559725 986559725 986559725 986559725 986559725 986559725 986559725 986559725 986559725 986559725 986559725 986559725 986559725 986559725 986559725 986559725 986559725 986559725 986559725 986559725 986559725 986559725 986559725 986559725 986559725 986559725 986559725 986559725 986559725 986559725 986559725 986559725 986559725 986559725
4 2
2 1 1 3
9 2
1000000000 1000000000 1000000000 1000000000 1000000000 1000000000 1000000000 1000000000 1000000000
4 2
1 7 1 3
69 1
501015309 501015309 501015309 501015309 501015309 501015309 501015309 501015309 501015309 501015309 501015309 501015309 501015309 501015309 501015309 501015309 501015309 501015309 501015309 501015309 501015309 501015309 501015309 501015309 501015309 501015309 501015309 501015309 501015309 501015309 501015309 501015309 501015309 501015309 501015309 501015309 501015309 501015309 501015309 501015309 501015309 501015309 501015309 501015309 501015309 501015309 501015309 501015309 501015309 501015309 501015309 501015309 501015309 501015309 501015309 501015309 501015309 501015309 501015309 501015309 501015309 501015309 501015309 501015309 501015309 501015309 501015309 501015309 501015309
5 2
45 36 13 28 33
70 2
510481609 510481606 510481606 510481604 510481604 510481609 510481606 510481605 510481605 510481607 510481606 510481604 510481607 510481609 510481606 510481606 510481606 510481608 510481604 510481608 510481605 510481608 510481606 510481607 510481605 510481606 510481605 510481609 510481605 510481609 510481610 510481607 510481610 510481604 510481607 510481606 510481607 510481605 510481605 510481610 510481610 510481608 510481606 510481607 510481608 510481606 510481604 510481610 510481605 510481607 510481607 510481604 510481609 510481606 510481609 510481604 510481604 510481606 510481609 510481605 510481609 510481606 510481605 510481606 510481609 510481607 510481608 510481607 510481606 510481604
70 2
4096 2097152 536870912 8388608 536870912 536870912 536870912 536870912 33554432 536870912 256 536870912 536870912 1 4194304 8192 536870912 536870912 536870912 536870912 64 536870912 536870912 536870912 536870912 16777216 536870912 536870912 536870912 4 32 2048 131072 1048576 536870912 536870912 536870912 134217728 512 524288 536870912 536870912 536870912 16 536870912 536870912 268435456 536870912 536870912 32768 536870912 536870912 2 536870912 536870912 536870912 1024 536870912 128 65536 536870912 536870912 16384 8 536870912 67108864 536870912 262144 536870912 536870912
9 2
32 24 47 6 22 41 9 44 40
3 2
4 2 1
70 2
147999603 147999603 147999603 147999603 147999603 147999603 147999603 147999603 147999603 147999603 147999603 147999603 147999603 147999603 147999603 147999603 147999603 147999603 147999603 147999603 147999603 147999603 147999603 147999603 147999603 147999603 147999603 147999603 147999603 147999603 147999603 147999603 147999603 147999603 147999603 147999603 147999603 147999603 147999603 147999603 147999603 147999603 147999603 147999603 147999603 147999603 147999603 147999603 147999603 147999603 147999603 147999603 147999603 147999603 147999603 147999603 147999603 147999603 147999603 147999603 147999603 147999603 147999603 147999603 147999603 147999603 147999603 147999603 147999603 147999603
55 2
1 1 1 1 1 1 1 1 1 1 1 1 1 1 1 1000000000 1 1 1 1 1 1 1 1 1 1 1 1 1 1 1 1 1 1 1 1 1 1 1 1 1 1 1 1 1 1 1 1 1 1 1 1 1 1 1
8 2
1 1 1 1 1000000000 1 1 1
7 2
2 32 64 8 1 16 4
66 2
26334088 26334088 26334088 26334088 26334088 26334088 26334088 26334088 26334088 26334088 26334088 26334088 26334088 26334088 26334088 26334088 26334088 26334088 26334088 26334088 26334088 26334088 26334088 26334088 26334088 26334088 26334088 26334088 26334088 26334088 26334088 26334088 26334088 26334088 26334088 26334088 26334088 26334088 26334088 26334088 26334088 26334088 26334088 26334088 26334088 26334088 26334088 26334088 26334088 26334088 26334088 26334088 26334088 26334088 26334088 26334088 26334088 26334088 26334088 26334088 26334088 26334088 26334088 26334088 26334088 26334088
3 2
1 2 1
21 2
1 1 1 1 1 1 1 1 1 1 1 1 1 1 1 1 1 1 1 1 1
70 2
1 1 1 1 1 1 1 1 1 1 1 1 1 1 1 1 1 1 1 1 1 1 1 1 1 1 1 1 1 1 1 1 1 1 1 1 1 1 1 1 1 1 1 1 1 1 1 1 1 1 1 1 1 1 1 1 1 1 1 1 1 1 1 1 1 1 1 1 1 1
37 2
44749719 44749719 44749719 44749719 44749719 44749719 44749719 44749719 44749719 44749719 44749719 44749719 44749719 44749719 44749719 44749719 44749719 44749719 44749719 44749719 44749719 44749719 44749719 44749719 44749719 44749719 44749719 44749719 44749719 44749719 44749719 44749719 44749719 44749719 44749719 44749719 44749719
9 2
30 44 10 34 2 26 9 19 17
4 2
702154797 702154795 702154794 702154797
2 2
1000000000 1000000000
70 2
1 1000000000 1 1000000000 1000000000 1000000000 1000000000 1 1000000000 1 1 1000000000 1 1000000000 1 1 1 1 1 1 1000000000 1000000000 1 1 1 1 1000000000 1 1000000000 1000000000 1 1 1000000000 1 1 1 1000000000 1000000000 1 1 1000000000 1000000000 1000000000 1000000000 1 1 1 1 1000000000 1 1000000000 1000000000 1000000000 1 1000000000 1 1 1000000000 1000000000 1000000000 1000000000 1000000000 1000000000 1000000000 1 1 1000000000 1000000000 1000000000 1
70 1
7 1000000000 1000000000 1000000000 1000000000 1000000000 1000000000 1000000000 1000000000 1000000000 1000000000 1000000000 1000000000 114243 1000000000 1000000000 1000000000 17 99 131836323 1000000000 239 768398401 54608393 1000000000 1000000000 22619537 8119 1393 1000000000 1000000000 1000000000 1 1000000000 19601 1000000000 1000000000 3363 47321 3 1000000000 1000000000 9369319 1000000000 1607521 1000000000 1000000000 275807 1000000000 1000000000 1000000000 3880899 1000000000 1000000000 577 1000000000 1000000000 1000000000 1000000000 318281039 1000000000 1000000000 1 1000000000 665857 1000000000 41 1000000000 1000000000 1000000000
23 2
6765 4181 2 34 89 233 987 55 1 21 3 10946 1597 13 610 377 8 2584 1 17711 144 5 28657
69 1
47608 5013 615021 2023171 6 4 53727 794867 90226 93304297 53185612 94302 1 2 81872 1 86146189 6841 84354961 1513089 7080758 25 91147549 113273 39963 3291154 9515 689747 590691 64068 76 863630015 661 1 19 6564 1 559 164 8658197 46275 202 83745910 338166757 4344876 283722 817746201 2329290 913 433345 1 473 8580 47236412 90097892 9 85 10 29449 703 1 268 22207597 1 10 41332725 1 32 32274181
70 2
499565001 499565001 499565001 499565001 499565001 499565001 499565001 499565001 499565001 499565001 499565001 499565001 499565001 499565001 499565001 499565001 499565001 499565001 499565001 499565001 499565001 499565001 499565001 499565001 499565001 499565001 499565001 499565001 499565001 499565001 499565001 499565001 499565001 499565001 499565001 499565001 499565001 499565001 499565001 499565001 499565001 499565001 499565001 499565001 499565001 499565001 499565001 499565001 499565001 499565001 499565001 499565001 499565001 499565001 499565001 499565001 499565001 499565001 499565001 499565001 499565001 499565001 499565001 499565001 499565001 499565001 499565001 499565001 499565001 499565001
9 2
29704433 3 90921370 5249 95871 662036390 2780 6954 972
3 2
1000000000 1000000000 1000000000
2 2
855020101 855020101
45 2
582466459 861142912 820399174 540688687 955229882 844471789 196593917 235886057 282907250 468997640 395523777 225978208 269387054 579532837 343303261 52173278 531713457 335249823 478786236 946009115 318402354 813365305 916375290 504420293 318603838 131179218 336862081 709872617 404471605 697274354 307867773 608428221 549691152 790422153 330244494 846827779 984948163 25230112 954410622 383519675 47951780 530213685 271930333 300990566 120719340
2 2
1000000000 1000000000
1 2
1
5 1
3637331 1 1 1 5572
4 2
1000000000 1000000000 1000000000 1000000000
1 2
25
69 2
536870912 16384 2048 536870912 536870912 536870912 536870912 536870912 536870912 536870912 16777216 8 536870912 536870912 536870912 536870912 128 536870912 1024 262144 536870912 536870912 536870912 536870912 536870912 524288 536870912 536870912 536870912 512 8388608 536870912 536870912 536870912 268435456 4096 536870912 536870912 64 4194304 8192 4 536870912 131072 536870912 134217728 536870912 2 536870912 2097152 536870912 65536 32 1 32768 256 536870912 16 536870912 536870912 1048576 536870912 536870912 536870912 536870912 536870912 33554432 536870912 67108864
27 2
118028933 118028933 118028933 118028933 118028933 118028933 118028933 118028933 118028933 118028933 118028933 118028933 118028933 118028933 118028933 118028933 118028933 118028933 118028933 118028933 118028933 118028933 118028933 118028933 118028933 118028933 118028933
66 2
327727717 954300639 418061817 268863726 951678310 986362777 500763845 881675938 393644191 477294120 893727948 570497436 753605130 364909941 507168806 146591198 942468408 861993962 42692238 256182583 813476682 465262830 617608124 875253416 12884931 43135444 858855093 803942092 111591370 372907613 621089911 629252523 94161564 653537704 216118749 346783512 973024818 798261222 238130911 528076555 593963802 97555449 574948885 176557469 772332233 688897560 506158505 429701851 833054253 618538242 477654221 565560562 309243003 282820239 84075494 230260050 791503810 888593160 96904064 262755570 202591318 559525999 890549405 387515640 386670477 780683539
13 2
479548748 479548747 479548748 479548748 479548745 479548750 479548750 479548749 479548750 479548746 479548747 479548747 479548746
4 2
1 1 1 1
18 2
1024 32768 64 4096 512 16 65536 16384 4 8192 2 1 128 131072 256 32 2048 8
2 2
6402 93209
69 2
1 1 1 1 1 1 1 1 1 1 1 1 1 1 1 1 1 1 1 1 1 1 1 1 1 1 1 1 1 1 1 1 1 1 1 1 1 1 1 1 1 1 1 1 1 1 1 1 1 1 1000000000 1 1 1 1 1 1 1 1 1 1 1 1 1 1 1 1 1 1
7 2
32 8 1 16 2 4 64
3 2
20 42 16
37 2
9368802 14 1238087 5873704 71 684756 67770788 8 8 220 3973832 82257394 5226 5 95508780 778152 3468355 631485131 103374 96918 19956 3 97683288 5 3 945703 1 8 33 217137 16389533 599 833032327 346 799955 78 188467516
1 2
1
58 2
1000000000 19601 1000000000 239 1000000000 1000000000 1000000000 99 665857 1000000000 3 1000000000 1 9369319 114243 1000000000 41 1000000000 1000000000 275807 768398401 1000000000 1000000000 8119 577 1000000000 1000000000 1000000000 1000000000 1000000000 1000000000 131836323 1000000000 1000000000 1000000000 47321 1607521 1000000000 3880899 1000000000 1000000000 1393 1000000000 1000000000 318281039 54608393 17 3363 7 1000000000 22619537 1000000000 1000000000 1000000000 1000000000 1000000000 1 1000000000
41 2
1 1 1 1 1000000000 1 1 1000000000 1000000000 1000000000 1000000000 1000000000 1 1000000000 1000000000 1000000000 1 1000000000 1 1 1 1000000000 1000000000 1 1000000000 1000000000 1000000000 1000000000 1 1 1 1000000000 1 1000000000 1000000000 1 1000000000 1000000000 1 1 1
7 2
1000000000 1000000000 1000000000 1000000000 1000000000 1000000000 1000000000
37 2
1000000000 1000000000 1000000000 1000000000 1000000000 1000000000 1000000000 1000000000 1000000000 1000000000 1000000000 1000000000 1000000000 1000000000 1000000000 1000000000 1000000000 1000000000 1000000000 1000000000 1000000000 1000000000 1000000000 1000000000 1000000000 1000000000 1000000000 1000000000 1000000000 1000000000 1000000000 1000000000 1000000000 1000000000 1000000000 1000000000 1000000000
43 2
1000000000 1000000000 1000000000 1000000000 1000000000 1000000000 1000000000 1000000000 1000000000 1000000000 1000000000 1000000000 1000000000 1000000000 1000000000 1000000000 1000000000 1000000000 1000000000 1000000000 1000000000 1000000000 1000000000 1000000000 1000000000 1000000000 1000000000 1000000000 1000000000 1000000000 1000000000 1000000000 1000000000 1000000000 1000000000 1000000000 1000000000 1000000000 1000000000 1000000000 1000000000 1000000000 1000000000
45 2
92 3 34 324360 349267 4 95810958 7115257 275869 350 4355 374983707 257981951 4 2193078 412 674953598 681321 82791307 65887 7942 39861 78135 9537 85781959 4987 457 3712889 84959897 4 426835143 214972 53 1 27963755 174417 477 1776225 2656 4 7 254892 758314 1 98939276
27 2
6 32 20 6 48 28 40 33 29 38 34 39 30 8 48 9 24 2 39 44 50 3 20 5 29 45 2
3 2
1 1 1
7 2
1000000000 1 1000000000 1 1000000000 1 1000000000
3 1
3 1 1
4 2
1 1000000000 1 1000000000
50 2
13 832 2 13999524 1 736 1 346236 82549 172599184 3997926 31 7869790 209 396 1 59 560782286 5288116 35219 6748482 50988352 3 2683 3164 613 432 1 36 6 369628 1 98 236516 97086860 78 51681422 77784173 4520 983 1 95926 84 284889174 298 514885522 1 355 44170140 19247
57 2
1 610 1000000000 1346269 102334155 1000000000 2 10946 3524578 121393 28657 2584 1000000000 39088169 144 1000000000 1000000000 1000000000 17711 13 1597 21 317811 377 5 1000000000 701408733 267914296 987 34 63245986 1000000000 165580141 46368 196418 1000000000 1000000000 6765 55 3 1000000000 2178309 89 832040 24157817 1 514229 433494437 14930352 75025 9227465 5702887 1000000000 233 4181 1000000000 8
51 2
1 1 1 1 1 1 1 1 1 1 1 1 1 1 1 1 1 1 1 1 1 1 1 1 1 1 1 1 1 1 1 1 1 1 1 1 1 1 1 1 1 1 1 1 1 1 1 1 1 1 1
8 2
545875303 545875303 545875303 545875303 545875303 545875303 545875303 545875303
68 2
16384 536870912 536870912 536870912 8388608 16 134217728 1024 1 131072 4096 524288 32768 536870912 536870912 536870912 65536 536870912 16777216 8 262144 536870912 256 536870912 536870912 67108864 536870912 32 4 1048576 536870912 536870912 536870912 536870912 536870912 536870912 536870912 512 536870912 536870912 536870912 33554432 536870912 536870912 2 64 4194304 536870912 536870912 536870912 536870912 536870912 8192 128 536870912 2097152 536870912 536870912 536870912 536870912 536870912 536870912 2048 536870912 268435456 536870912 536870912 536870912
69 1
1 1000000000 1 1 1000000000 1 1 1000000000 1000000000 1 1 1000000000 1 1000000000 1000000000 1 1 1000000000 1 1 1000000000 1000000000 1 1 1000000000 1000000000 1 1000000000 1000000000 1000000000 1 1000000000 1000000000 1000000000 1000000000 1 1000000000 1000000000 1000000000 1000000000 1 1000000000 1000000000 1 1000000000 1 1 1 1 1 1 1 1000000000 1000000000 1000000000 1 1 1000000000 1 1000000000 1 1 1000000000 1000000000 1 1 1 1000000000 1000000000
4 2
852003040 852003041 852003041 852003040
9 2
621748057 684070693 816413451 777076824 569389495 5450843 446322566 999722221 571004199
7 2
174676370 174676371 174676372 174676370 174676367 174676366 174676370
8 2
4 2 16 64 1 8 32 128
32 2
31717 7375 10 1 193449 429799252 66 537 261 860 96 17511 1 982206287 1 291 26678272 837 78223 71399 5 4 992277 33387825 90399 180 91790 19004 1 308669 658 49
9 2
318128221 318128221 318128221 318128221 318128221 318128221 318128221 318128221 318128221
31 2
1 1 1 1 1 1 1 1 1 1 1 1 1 1 1 1 1 1 1 1 1 1 1 1 1 1 1 1 1 1000000000 1
50 2
1 1 1 1 1 1 1 1 1 1 1 1 1 1 1 1 1 1 1 1 1 1 1 1 1 1 1 1 1 1 1 1 1 1 1 1 1 1 1 1 1 1 1 1 1 1000000000 1 1 1 1
12 2
35 41 4 8 20 7 50 41 50 50 7 31
1 2
1
70 2
1000000000 1000000000 1000000000 1000000000 1000000000 1000000000 1000000000 1000000000 1000000000 1000000000 1000000000 1000000000 1000000000 1000000000 1000000000 1000000000 1000000000 1000000000 1000000000 1000000000 1000000000 1000000000 1000000000 1000000000 1000000000 1000000000 1000000000 1000000000 1000000000 1000000000 1000000000 1000000000 1000000000 1000000000 1000000000 1000000000 1000000000 1000000000 1000000000 1000000000 1000000000 1000000000 1000000000 1000000000 1000000000 1000000000 1000000000 1000000000 1000000000 1000000000 1000000000 1000000000 1000000000 1000000000 1000000000 1000000000 1000000000 1000000000 1000000000 1000000000 1000000000 1000000000 1000000000 1000000000 1000000000 1000000000 1000000000 1000000000 1000000000 1000000000
48 2
14930352 89 514229 377 39088169 121393 102334155 433494437 6765 3 17711 165580141 10946 21 701408733 2178309 1346269 75025 1000000000 55 144 9227465 1597 5 2 2584 24157817 1000000000 3524578 5702887 987 13 1000000000 46368 610 1 4181 233 1000000000 317811 196418 267914296 34 1 63245986 28657 832040 8
47 2
1355292 1355292 1355292 1355292 1355292 1355292 1355292 1355292 1355292 1355292 1355292 1355292 1355292 1355292 1355292 1355292 1355292 1355292 1355292 1355292 1355292 1355292 1355292 1355292 1355292 1355292 1355292 1355292 1355292 1355292 1355292 1355292 1355292 1355292 1355292 1355292 1355292 1355292 1355292 1355292 1355292 1355292 1355292 1355292 1355292 1355292 1355292
4 2
1000000000 1000000000 1000000000 1000000000
1 2
1000000000
17 1
1 1 1 1 1 1 1 1 1 1 1 1 1 1 1 1 1000000000
3 2
4 1 2
70 2
45 2 7 40 18 17 49 39 17 8 4 10 30 38 37 4 45 42 2 42 16 27 31 15 17 8 43 33 31 45 23 31 44 26 28 40 15 42 3 12 16 28 47 26 26 28 29 41 5 44 47 4 45 41 19 9 12 33 24 38 22 39 22 44 4 19 2 45 25 48
69 2
30 45 33 48 26 43 20 24 4 12 11 34 24 29 7 24 47 9 13 9 24 43 50 36 45 40 44 24 23 27 10 50 48 35 24 1 32 30 21 37 50 28 10 16 4 42 17 27 1 18 48 8 40 29 26 28 26 7 23 5 16 17 14 16 28 28 32 17 40
70 2
495067390 495067390 495067390 495067390 495067390 495067390 495067390 495067390 495067390 495067390 495067390 495067390 495067390 495067390 495067390 495067390 495067390 495067390 495067390 495067390 495067390 495067390 495067390 495067390 495067390 495067390 495067390 495067390 495067390 495067390 495067390 495067390 495067390 495067390 495067390 495067390 495067390 495067390 495067390 495067390 495067390 495067390 495067390 495067390 495067390 495067390 495067390 495067390 495067390 495067390 495067390 495067390 495067390 495067390 495067390 495067390 495067390 495067390 495067390 495067390 495067390 495067390 495067390 495067390 495067390 495067390 495067390 495067390 495067390 495067390
9 2
306377459 517603541 14159428 887705388 578569098 245400943 839705440 855589042 739137365
70 2
1000000000 1000000000 1000000000 1000000000 1000000000 1000000000 1000000000 1000000000 1000000000 1000000000 1000000000 1000000000 1000000000 1000000000 1000000000 1000000000 1000000000 1000000000 1000000000 1000000000 1000000000 1000000000 1000000000 1000000000 1000000000 1000000000 1000000000 1000000000 1000000000 1000000000 1000000000 1000000000 1000000000 1000000000 1000000000 1000000000 1000000000 1000000000 1000000000 1000000000 1000000000 1000000000 1000000000 1000000000 1000000000 1000000000 1000000000 1000000000 1000000000 1000000000 1000000000 1000000000 1000000000 1000000000 1000000000 1000000000 1000000000 1000000000 1000000000 1000000000 1000000000 1000000000 1000000000 1000000000 1000000000 1000000000 1000000000 1000000000 1000000000 1000000000
8 2
1000000000 1000000000 1000000000 1 1 1 1000000000 1
38 2
172991532 172991534 172991529 172991533 172991533 172991532 172991533 172991529 172991529 172991533 172991528 172991534 172991528 172991533 172991534 172991531 172991534 172991528 172991532 172991529 172991534 172991531 172991534 172991529 172991534 172991532 172991530 172991528 172991532 172991534 172991532 172991533 172991532 172991533 172991532 172991531 172991531 172991528
2 2
1000000000 1
34 2
1 1 1 1 1 1000000000 1 1 1 1000000000 1000000000 1000000000 1000000000 1000000000 1 1 1000000000 1000000000 1000000000 1000000000 1000000000 1 1 1000000000 1 1 1 1 1000000000 1000000000 1 1000000000 1000000000 1000000000
29 2
277864855 277864857 277864855 277864853 277864855 277864854 277864857 277864854 277864856 277864859 277864858 277864854 277864855 277864853 277864859 277864855 277864854 277864855 277864857 277864859 277864854 277864854 277864854 277864858 277864856 277864854 277864854 277864855 277864858
40 2
897825544 897825546 897825547 897825549 897825544 897825547 897825544 897825550 897825548 897825547 897825545 897825544 897825547 897825544 897825546 897825549 897825548 897825547 897825544 897825545 897825547 897825545 897825545 897825550 897825545 897825546 897825546 897825545 897825545 897825550 897825547 897825546 897825544 897825547 897825547 897825549 897825548 897825546 897825548 897825548
28 2
1 1 1 1 1 1 1000000000 1 1 1 1 1 1 1 1 1 1 1 1 1 1 1 1 1 1 1 1 1
17 2
42 38595602 121222 54521632 702 6 230823680 65347590 757 767727393 825364 5201 11 755353756 1 78 455135515
66 2
238585713 238585719 238585714 238585719 238585718 238585716 238585713 238585719 238585715 238585714 238585718 238585716 238585717 238585716 238585715 238585719 238585715 238585714 238585716 238585713 238585715 238585715 238585713 238585715 238585717 238585714 238585714 238585713 238585718 238585719 238585714 238585718 238585717 238585717 238585718 238585717 238585718 238585719 238585715 238585714 238585719 238585717 238585718 238585718 238585715 238585718 238585716 238585716 238585719 238585719 238585713 238585718 238585719 238585713 238585714 238585713 238585716 238585719 238585718 238585719 238585719 238585719 238585716 238585714 238585716 238585716
4 2
1 4 2 8
70 1
1000000000 1000000000 3524578 21 2584 5702887 610 2178309 1000000000 1000000000 144 2 1000000000 9227465 1000000000 196418 34 24157817 39088169 121393 13 89 832040 1000000000 267914296 1000000000 1000000000 1000000000 17711 701408733 233 1000000000 10946 3 1000000000 1000000000 377 1000000000 1000000000 1000000000 317811 1000000000 1 5 14930352 1000000000 63245986 1 1000000000 75025 433494437 987 165580141 1000000000 55 1000000000 1000000000 6765 1346269 46368 8 28657 1597 1000000000 514229 1000000000 1000000000 102334155 4181 1000000000
7 2
99 1 41 17 3 1 7
70 2
1 1 1000000000 1000000000 1000000000 1 1 1000000000 1 1000000000 1 1000000000 1000000000 1000000000 1 1000000000 1000000000 1 1 1 1 1000000000 1000000000 1000000000 1000000000 1 1 1000000000 1000000000 1 1000000000 1000000000 1 1 1000000000 1000000000 1 1 1000000000 1 1000000000 1 1 1000000000 1000000000 1 1 1 1 1000000000 1 1 1 1000000000 1 1000000000 1 1000000000 1 1000000000 1000000000 1 1 1000000000 1000000000 1 1000000000 1000000000 1000000000 1
69 1
1 1 1 1 1 1 1 1 1 1 1 1 1 1 1 1 1 1 1 1 1 1 1 1 1 1 1 1 1 1 1 1 1 1 1 1 1 1 1 1 1 1000000000 1 1 1 1 1 1 1 1 1 1 1 1 1 1 1 1 1 1 1 1 1 1 1 1 1 1 1
23 2
64 131072 128 2048 8192 524288 4194304 2097152 32768 256 1048576 16 1 4096 262144 512 1024 32 65536 16384 8 4 2
3 2
896598110 896598110 896598110
4 2
28810302 28810304 28810301 28810302
1 2
563088581
70 2
16 33 1 25 48 8 4 22 46 4 32 20 20 47 20 31 23 15 24 42 18 7 3 22 24 33 11 16 41 14 47 27 13 25 47 45 24 5 50 20 42 2 26 47 6 17 5 22 41 11 27 21 18 9 27 7 38 41 5 21 13 9 15 49 43 38 4 19 20 33
8 2
1 1 1 1 1 1 1 1
2 2
75356 1
69 1
414440442 414440439 414440439 414440440 414440443 414440440 414440442 414440437 414440442 414440440 414440438 414440437 414440438 414440443 414440438 414440437 414440437 414440438 414440438 414440443 414440437 414440437 414440442 414440442 414440437 414440439 414440440 414440441 414440439 414440440 414440443 414440442 414440440 414440443 414440441 414440440 414440441 414440442 414440438 414440440 414440439 414440442 414440441 414440439 414440440 414440442 414440437 414440441 414440439 414440438 414440441 414440441 414440442 414440439 414440438 414440443 414440440 414440443 414440440 414440441 414440437 414440443 414440440 414440441 414440440 414440443 414440443 414440442 414440439
5 2
1 3 1 5 2
27 2
1 1 1000000000 1 1000000000 1000000000 1000000000 1 1 1 1 1000000000 1000000000 1 1000000000 1000000000 1000000000 1000000000 1 1 1 1000000000 1000000000 1 1000000000 1 1000000000
2 2
1000000000 1
10 1
99 577 1 239 41 1393 1 17 7 3
69 2
1 1000000000 1 1000000000 1 1 1000000000 1000000000 1 1 1 1 1 1000000000 1 1000000000 1 1000000000 1000000000 1000000000 1000000000 1 1000000000 1000000000 1 1000000000 1 1000000000 1 1000000000 1 1000000000 1 1 1000000000 1 1000000000 1000000000 1 1000000000 1 1000000000 1000000000 1000000000 1 1000000000 1 1 1000000000 1000000000 1 1 1000000000 1 1 1000000000 1000000000 1 1000000000 1000000000 1 1000000000 1 1 1000000000 1 1 1000000000 1000000000
70 2
94813 9816768 3 522168 3 61 3150403 579140 580895 1 605666 8 2047394 9651 8 9 372040 3 89897533 36551 117794 376 97312345 354013768 39618 1603 95262 787837540 20 777936333 45 12200 28160369 62770 8656498 91107275 93 680648 6648922 9662 42469 44 6735 53 7242421 89417 31638 59447 225 93891128 49 678949 58129885 4 6 5 3043197 10 2 45865 74019 6414 770536519 58554 20522912 1 90135 1 42847 78214
4 2
1000000000 1000000000 1000000000 1000000000
6 2
1000000000 1000000000 1000000000 1000000000 1000000000 1000000000
1 2
1
1 2
1
4 2
1 3 1 2
38 2
275807 1000000000 1 1000000000 1000000000 9369319 1000000000 1607521 3363 7 768398401 41 1 1393 1000000000 665857 3880899 577 1000000000 99 54608393 22619537 8119 47321 239 19601 1000000000 3 318281039 114243 1000000000 1000000000 1000000000 1000000000 131836323 1000000000 1000000000 17
8 2
1 1 1000000000 1000000000 1 1000000000 1000000000 1
4 2
1000000000 1000000000 1000000000 1000000000
70 2
13567907 13567907 13567907 13567907 13567907 13567907 13567907 13567907 13567907 13567907 13567907 13567907 13567907 13567907 13567907 13567907 13567907 13567907 13567907 13567907 13567907 13567907 13567907 13567907 13567907 13567907 13567907 13567907 13567907 13567907 13567907 13567907 13567907 13567907 13567907 13567907 13567907 13567907 13567907 13567907 13567907 13567907 13567907 13567907 13567907 13567907 13567907 13567907 13567907 13567907 13567907 13567907 13567907 13567907 13567907 13567907 13567907 13567907 13567907 13567907 13567907 13567907 13567907 13567907 13567907 13567907 13567907 13567907 13567907 13567907
70 1
29 17 29 43 40 16 34 19 44 32 35 49 22 31 48 5 28 35 43 46 1 24 19 24 8 8 30 7 48 18 49 29 12 20 10 5 43 10 48 46 30 10 29 35 7 17 8 26 23 31 2 42 44 4 26 37 24 27 27 9 7 49 33 14 38 46 30 6 10 11
66 2
522774185 105014065 444193232 267690774 225633788 159702767 780335594 825105 212335288 876262893 266875906 779858332 175811170 965138458 25679883 459176110 610815463 327966898 810701119 33248710 565261289 896824515 732482238 164309919 433474671 670628287 425010568 596757984 881137072 747469839 694761328 889818083 318318901 444595705 252649526 253619028 645508072 221308312 570645642 713985529 116051161 607537586 235883409 926244706 40075428 363887047 832300484 772440692 944478261 115814949 488776081 589065927 352452375 103454125 315732187 792737663 440893032 397513179 831906688 293261356 140831268 713876685 579921746 382647882 510325398 694003574
8 2
239 1 1 7 17 41 99 3
6 2
1000000000 1000000000 1000000000 1000000000 1000000000 1000000000
2 2
1000000000 1000000000
4 2
2 1 3 1
70 2
1000000000 1000000000 114243 1000000000 1000000000 1000000000 1000000000 1000000000 1000000000 1000000000 1000000000 1000000000 1000000000 1000000000 577 1000000000 3 3363 1393 1000000000 1000000000 1000000000 275807 1000000000 9369319 1000000000 1000000000 1000000000 1000000000 1000000000 1000000000 318281039 41 99 54608393 768398401 239 131836323 1000000000 1000000000 1000000000 1000000000 1 1000000000 1000000000 22619537 19601 1000000000 7 665857 1000000000 47321 1000000000 1000000000 1000000000 17 1000000000 1000000000 3880899 1000000000 1607521 1000000000 1000000000 8119 1000000000 1000000000 1000000000 1000000000 1 1000000000
45 2
1 1 1 1 1 1 1 1 1 1 1 1 1 1 1 1 1 1 1 1 1 1 1 1 1 1 1 1 1 1 1 1 1 1 1 1 1 1 1 1 1 1 1 1 1
7 2
67570609 786802655 231989894 651284086 860334138 800241335 687933153
2 2
55418292 798924819
65 1
524288 536870912 536870912 536870912 536870912 536870912 2048 8192 536870912 536870912 4 16 1 536870912 536870912 512 262144 536870912 536870912 4194304 536870912 16384 268435456 536870912 536870912 256 536870912 536870912 536870912 536870912 4096 65536 8388608 536870912 32768 536870912 536870912 536870912 536870912 8 128 16777216 32 536870912 536870912 536870912 536870912 2097152 33554432 536870912 2 536870912 536870912 1024 64 536870912 536870912 536870912 131072 536870912 67108864 536870912 536870912 1048576 134217728
8 1
1 452546079 439594 6 1 8996 3939669 92743858
6 2
5 1 2 1 3 8
4 2
8 2 1 4
31 2
1000000000 1000000000 1000000000 1000000000 1000000000 1000000000 1000000000 1000000000 1000000000 1000000000 1000000000 1000000000 1000000000 1000000000 1000000000 1000000000 1000000000 1000000000 1000000000 1000000000 1000000000 1000000000 1000000000 1000000000 1000000000 1000000000 1000000000 1000000000 1000000000 1000000000 1000000000
8 1
989465623 989465623 989465623 989465623 989465623 989465623 989465623 989465623
3 2
1 1 3
7 2
671907381 323416854 461167228 79522908 195076948 152157684 707682877
70 1
1 1 1 1 1 1 1 1 1 1 1 1 1 1 1 1 1 1 1 1 1 1 1 1 1 1 1 1 1 1 1 1 1 1 1 1 1 1 1 1 1 1 1 1 1 1 1 1 1 1 1 1 1 1 1 1 1 1 1 1 1 1 1 1 1 1 1000000000 1 1 1
5 2
1 1 1 1 1
15 2
1 1 1000000000 1 1 1 1 1 1 1 1 1 1 1 1
2 2
1 1000000000
1 1
294891182
27 2
142849168 142849168 142849168 142849168 142849168 142849168 142849168 142849168 142849168 142849168 142849168 142849168 142849168 142849168 142849168 142849168 142849168 142849168 142849168 142849168 142849168 142849168 142849168 142849168 142849168 142849168 142849168
6 2
1 1000000000 1 1 1 1
3 2
1 1 3
1 2
8268
10 2
5 1 3 34 1 2 21 55 13 8
7 2
5 11 22 10 50 14 11
69 2
1024 536870912 536870912 536870912 536870912 8 536870912 65536 536870912 536870912 536870912 536870912 268435456 536870912 33554432 536870912 16 536870912 536870912 536870912 67108864 536870912 64 16384 134217728 536870912 536870912 536870912 536870912 2048 262144 4194304 2 2097152 536870912 536870912 32 512 16777216 536870912 536870912 536870912 536870912 536870912 536870912 256 32768 128 536870912 536870912 536870912 4 8192 8388608 536870912 1 536870912 1048576 536870912 524288 536870912 4096 536870912 536870912 536870912 536870912 131072 536870912 536870912
70 2
309 61237549 33 1 9509937 64198 8 7919946 3 50527426 677137 96937522 44157 262788 51425257 646770 966740 95 9446 8 109152426 7007301 332783 1 861100 1 68 833584120 576 61225010 8026 64 707 74688763 1 45547 8906431 6 683727 6989457 3119 337161 1 405797501 784434317 39 70268823 2886 6 7 671904822 35545541 1 14151431 1 6 456541 783346 934346 1 4 1 69927579 78324067 530257296 469 46654 103100355 4685 9218
9 2
1 1 1 1 1 1 1 1 1
70 2
102334155 28657 610 24157817 701408733 233 1000000000 1000000000 1000000000 1000000000 832040 196418 9227465 1000000000 8 6765 39088169 4181 2 10946 1000000000 1000000000 377 987 1000000000 1000000000 1000000000 1000000000 1000000000 21 121393 1000000000 1 2584 1000000000 1000000000 3524578 2178309 1000000000 34 89 1000000000 267914296 17711 1000000000 317811 3 1000000000 63245986 46368 14930352 13 165580141 1597 1000000000 1000000000 1000000000 1 55 1000000000 5 433494437 144 5702887 1346269 75025 1000000000 1000000000 514229 1000000000
70 1
5751 395 1 34772996 29447 74974 34812 330 97 84039160 323350509 19915826 9101650 571923 3210115 24 16 6240 68 18 10 10196 49 41 68411 7554928 8728340 82565339 5440576 1 613547846 7062 15 66631 8906391 1 1 3454734 96473462 28494 9 7 370408822 4417 15246 11065 73 39888 1 861145682 41526060 771 1 732510595 73829 62 4937810 3658885 9487 38 6 88 432032 25 5 61523914 7573 790 178404665 86867919
25 2
1 4181 2584 5 233 2 55 3 8 144 987 89 46368 377 34 1 610 10946 21 1597 28657 17711 75025 13 6765
8 2
17 80251 199 389052072 6685 256165 454613 386368698
7 1
64 2 4 8 32 16 1
8 2
1 1 1 1 1 1 1 1
70 1
1000000000 1000000000 1000000000 1000000000 1000000000 1000000000 1000000000 1000000000 1000000000 1000000000 1000000000 1000000000 1000000000 1000000000 1000000000 1000000000 1000000000 1000000000 1000000000 1000000000 1000000000 1000000000 1000000000 1000000000 1000000000 1000000000 1000000000 1000000000 1000000000 1000000000 1000000000 1000000000 1000000000 1000000000 1000000000 1000000000 1000000000 1000000000 1000000000 1000000000 1000000000 1000000000 1000000000 1000000000 1000000000 1000000000 1000000000 1000000000 1000000000 1000000000 1000000000 1000000000 1000000000 1000000000 1000000000 1000000000 1000000000 1000000000 1000000000 1000000000 1000000000 1000000000 1000000000 1000000000 1000000000 1000000000 1000000000 1000000000 1000000000 1000000000
32 2
660010655 198775952 307104722 928203345 169475087 556853606 353520465 755953818 991526706 526696960 507269851 301908971 241892049 24530034 289627382 406372821 771126653 149377177 501424864 269883000 951091271 494600194 104588525 196079286 828201520 492476575 66261915 949114317 409997720 513269723 838534160 937861811
70 2
34 10 50 38 44 29 39 18 35 18 8 21 15 1 22 35 26 7 18 33 48 47 29 37 49 39 34 47 22 5 9 13 25 26 4 25 5 23 29 33 32 44 30 37 23 21 15 7 7 12 15 43 32 21 26 35 39 50 8 35 38 4 20 30 30 47 11 27 15 43
55 2
1000000000 1000000000 1000000000 1000000000 1000000000 1000000000 1000000000 1000000000 1000000000 1000000000 1000000000 1000000000 1000000000 1000000000 1000000000 1000000000 1000000000 1000000000 1000000000 1000000000 1000000000 1000000000 1000000000 1000000000 1000000000 1000000000 1000000000 1000000000 1000000000 1000000000 1000000000 1000000000 1000000000 1000000000 1000000000 1000000000 1000000000 1000000000 1000000000 1000000000 1000000000 1000000000 1000000000 1000000000 1000000000 1000000000 1000000000 1000000000 1000000000 1000000000 1000000000 1000000000 1000000000 1000000000 1000000000
17 2
32310 4124 148934 8994 1 50777060 4453858 3 381012 7 65910 85697 409 1115 841 416997425 1190661
6 2
3 7 1 1 41 17
8 2
288397343 288397343 288397343 288397343 288397343 288397343 288397343 288397343
69 1
505310111 502241638 879145673 626910702 2303734 306282327 280327385 558594501 55024627 81720718 40110886 811162996 830921856 563958528 917719692 936621388 66202470 600105143 39312874 708630666 806811934 165960632 877837792 420306638 760748228 178436572 892379717 930925377 205053137 782875080 280090525 583827922 149545194 807461187 69356677 196804750 802240430 194460968 771735917 931956475 959639036 594732705 624476891 580243058 105808583 272446363 358973331 371407908 360799924 265486436 666573573 724199774 642013944 16543489 35913128 219920275 337041784 706477332 66818094 495858511 3581313 993840282 350988364 817037688 47227678 45654115 39711024 849197889 950971401
1 2
1
60 2
41 15 14 28 29 46 43 48 16 32 30 24 42 48 24 18 8 30 45 24 10 18 9 2 8 33 6 1 4 37 19 22 39 18 4 12 8 42 48 50 20 13 31 5 21 21 36 34 41 30 13 16 50 38 39 9 28 15 33 33
12 2
36 15 3 40 43 19 8 17 48 8 44 14
7 2
1000000000 1000000000 1000000000 1000000000 1000000000 1000000000 1000000000
9 1
1 1 1 1 1 1 1 1 1
5 2
1 1 1 1 1
69 2
1 5 2 2544 9 570033 4156406 33 6776769 7769748 85583884 92489711 9886 58673 980160 1 575 47056 32371 3 10 31324755 6192 25 1 440448882 90333 187886871 533103 7526 55 10344 8 85 1 1 9869 7 68860895 768141 9945708 820 772 89794402 5218634 81937 1 415 5 926 1 952572114 1 220342 663798 541393414 1 4957 10 1 53 1 3436981 6244 8274 24 2 7227 983822
57 2
5 40 17 9 6 7 30 37 8 40 17 36 36 5 16 47 31 33 10 21 22 24 37 45 43 35 8 8 13 36 7 34 37 30 10 27 10 47 28 33 23 1 24 34 38 9 27 45 3 11 10 16 4 39 41 29 49
47 2
684478326 684478323 684478326 684478326 684478326 684478325 684478327 684478324 684478324 684478327 684478324 684478323 684478325 684478324 684478324 684478322 684478328 684478323 684478322 684478328 684478327 684478325 684478323 684478328 684478324 684478322 684478327 684478328 684478323 684478323 684478325 684478325 684478322 684478327 684478322 684478323 684478328 684478328 684478328 684478324 684478324 684478328 684478323 684478323 684478325 684478327 684478327
2 2
29 5
41 2
85192904 337514834 26619691 30598848 451076750 264935940 458146414 164368766 469349113 50336553 717138631 94470576 693353226 109130463 899581803 955359901 63178390 72092537 483694970 377857259 476433317 996511849 858785360 941186437 7382666 108175589 396143110 279640581 833000894 988405996 41033467 5470132 982573896 894985264 785783575 731605613 957843187 35223002 948752717 467823316 826158762
9 2
1 1 1 1 1 1 1 1 1000000000
35 2
536870912 256 2097152 16384 8192 4 16777216 1 134217728 524288 8388608 32768 128 536870912 1024 1048576 16 64 536870912 4096 67108864 262144 8 65536 268435456 536870912 4194304 2048 512 536870912 2 536870912 131072 33554432 32
70 1
179800453 179800455 179800452 179800452 179800456 179800452 179800456 179800458 179800453 179800457 179800454 179800452 179800454 179800453 179800452 179800456 179800455 179800453 179800452 179800456 179800454 179800458 179800458 179800456 179800456 179800453 179800458 179800457 179800455 179800458 179800455 179800457 179800456 179800453 179800458 179800455 179800457 179800453 179800456 179800455 179800457 179800458 179800456 179800456 179800456 179800456 179800456 179800453 179800458 179800453 179800453 179800458 179800456 179800456 179800453 179800454 179800452 179800454 179800453 179800458 179800452 179800452 179800456 179800454 179800458 179800457 179800452 179800458 179800458 179800457
1 2
1
7 2
1 1 1 1 1 1 1
7 2
369253051 553036616 637320631 918775321 997730565 151201539 751240418
3 2
1 1000000000 1
70 1
63245986 1000000000 1000000000 317811 4181 1000000000 1000000000 1000000000 1597 1000000000 832040 1000000000 1 1000000000 2178309 75025 1000000000 196418 34 3 2 13 10946 1000000000 377 433494437 2584 6765 121393 1000000000 102334155 1000000000 5702887 14930352 267914296 5 1000000000 1000000000 1000000000 1 1000000000 987 17711 55 24157817 1000000000 1000000000 1000000000 8 1000000000 28657 1000000000 9227465 1000000000 1000000000 1000000000 233 514229 1000000000 46368 3524578 21 165580141 39088169 144 1346269 610 1000000000 701408733 89
70 2
140817911 731162175 522118644 897876947 806052291 559028258 802170252 727358076 46759961 75868076 69735845 50492720 496813699 942965597 157634627 649650974 885047991 425976133 203896373 10215690 30821380 377641382 373651158 166423881 888963020 9985067 907638706 854726765 917957009 893722193 563397223 321467102 112903898 651588605 227283854 405183186 804150595 972856080 76602000 912968210 25788712 764566984 555232571 588566180 960371605 997354697 838372998 691068190 105418293 761411403 813521466 324532590 489980390 913796145 143183701 604961945 733686818 618639647 508987301 506412639 948070455 550586309 80656321 840067795 981473406 97727784 979051968 772849069 483201192 133474774
6 2
1000000000 1000000000 1000000000 1000000000 1000000000 1000000000
66 2
36443219 36443219 36443217 36443215 36443217 36443215 36443218 36443216 36443220 36443217 36443215 36443218 36443221 36443218 36443219 36443221 36443220 36443217 36443218 36443219 36443219 36443217 36443215 36443217 36443215 36443221 36443220 36443219 36443216 36443217 36443221 36443220 36443221 36443218 36443221 36443219 36443215 36443220 36443220 36443220 36443216 36443220 36443217 36443217 36443219 36443221 36443215 36443220 36443215 36443220 36443219 36443219 36443221 36443215 36443217 36443219 36443217 36443221 36443220 36443220 36443219 36443216 36443221 36443215 36443216 36443219
22 2
524288 4 256 131072 16 2097152 2 32768 1048576 8192 1024 262144 512 4096 128 1 2048 32 65536 16384 8 64
5 2
7 17 1 1 3
67 2
994038979 994038977 994038976 994038975 994038975 994038978 994038981 994038977 994038975 994038976 994038979 994038976 994038977 994038978 994038981 994038976 994038977 994038977 994038976 994038978 994038978 994038976 994038979 994038975 994038979 994038978 994038980 994038975 994038977 994038976 994038981 994038978 994038981 994038977 994038981 994038978 994038978 994038977 994038975 994038978 994038981 994038980 994038978 994038978 994038981 994038981 994038978 994038976 994038980 994038980 994038980 994038975 994038981 994038975 994038980 994038975 994038981 994038981 994038980 994038979 994038981 994038979 994038978 994038980 994038975 994038975 994038979
56 2
1000000000 1000000000 1000000000 114243 3363 1000000000 1000000000 1000000000 1000000000 1000000000 318281039 8119 1000000000 1000000000 1000000000 19601 1000000000 1607521 1000000000 275807 9369319 665857 1000000000 1000000000 3880899 17 239 1000000000 1000000000 1000000000 1000000000 1 41 54608393 1393 1000000000 768398401 577 1000000000 99 1000000000 1000000000 3 47321 1000000000 1000000000 1000000000 1000000000 1000000000 1000000000 7 1000000000 1000000000 131836323 1 22619537
70 2
9227465 1000000000 2584 1000000000 2178309 6765 39088169 701408733 55 1000000000 1000000000 317811 377 1597 28657 34 102334155 1000000000 1000000000 1000000000 165580141 433494437 1000000000 1000000000 5702887 1000000000 17711 14930352 46368 1000000000 121393 1000000000 1000000000 987 24157817 2 514229 8 3524578 75025 196418 1000000000 3 1000000000 1000000000 1000000000 610 4181 233 1000000000 1000000000 832040 267914296 1000000000 13 21 89 1000000000 1346269 144 1000000000 10946 1000000000 1000000000 63245986 5 1 1 1000000000 1000000000
3 2
1 2 4
5 2
17 3 1 1 7
69 1
2 536870912 536870912 536870912 67108864 1024 536870912 16777216 536870912 131072 536870912 268435456 128 2097152 536870912 536870912 536870912 536870912 536870912 16384 4096 33554432 536870912 536870912 536870912 536870912 536870912 32768 1048576 536870912 536870912 536870912 1 536870912 536870912 8388608 536870912 536870912 512 536870912 134217728 32 8 536870912 536870912 536870912 64 262144 536870912 536870912 8192 536870912 536870912 16 4 4194304 536870912 536870912 256 2048 536870912 524288 65536 536870912 536870912 536870912 536870912 536870912 536870912
6 2
992840988 27923 333878 7 63840591 1
7 2
817592505 688479549 505299928 310862443 187277151 742671319 782026124
4 2
8 1 2 4
50 2
13 11 23 2 28 49 43 8 17 37 7 19 36 27 23 49 28 9 27 47 8 32 8 41 6 8 1 41 17 40 8 7 41 33 37 40 31 30 41 31 45 13 20 3 37 26 32 34 19 46
3 2
553966776 553966778 553966778
47 2
1000000000 1000000000 8119 131836323 1 1000000000 9369319 1000000000 3363 54608393 275807 1000000000 1000000000 1000000000 22619537 1000000000 1607521 1000000000 114243 1000000000 1000000000 7 1000000000 3 1 1000000000 1000000000 3880899 577 1393 1000000000 1000000000 1000000000 1000000000 1000000000 318281039 1000000000 665857 99 41 239 768398401 19601 1000000000 17 47321 1000000000
22 2
1 1 1 1 1 1 1 1 1 1 1 1 1 1 1 1 1 1 1 1 1 1
11 2
1 1 1 1000000000 1 1 1 1 1 1 1
70 2
1 1 1 1 1 1 1 1 1 1 1 1 1 1 1 1 1 1 1 1 1 1 1 1 1 1 1 1 1 1 1 1 1 1000000000 1 1 1 1 1 1 1 1 1 1 1 1 1 1 1 1 1 1 1 1 1 1 1 1 1 1 1 1 1 1 1 1 1 1 1 1
5 2
32972 6559298 44940914 34712644 68
8 2
245662 6025 252499593 7 1 2 312 2
2 2
694794658 508868928
8 2
41338123 41338123 41338123 41338123 41338123 41338123 41338123 41338123
6 2
1 1 1 1 1 1
4 2
655805344 655805344 655805344 655805344
2 2
814861209 814861211
70 2
28345405 712087976 55954179 937767236 573932409 150891789 820811771 376541820 501098910 978760431 60892723 146143005 609476904 66713087 979745285 213767064 851254292 530478989 527266077 199768690 188350742 24317531 481537078 628049250 606299227 855439268 137755700 268256534 59435757 203013796 556175654 834540200 913151757 511092417 504524937 552159576 999993366 222024423 203737002 270753424 706990299 584649457 379216235 887071702 568670224 177052685 142749481 967382628 747106491 599872365 765293315 128332468 711719961 728317265 902422731 435887523 781099428 332629515 820959979 894467729 568031382 915845400 604906792 866015410 492706997 919504434 797048712 961178818 910595987 664683119
6 2
1 2 8 1 3 5
1 2
20266389
33 2
890421148 607533063 674352769 732596811 699966574 452568507 704347450 715316223 460958565 40970228 965188513 573337797 360448259 550811759 958256189 605476874 681521668 941675858 172238715 776940889 650529132 620695622 810516055 963485060 45972704 8775373 428826025 843567354 338047424 35351113 637469383 242830935 709232877
62 2
1 1 1 1 1 1 1 1 1 1 1 1 1 1 1 1 1 1 1 1 1 1 1 1 1 1 1 1 1 1 1 1 1 1 1 1 1 1 1 1 1 1 1 1 1 1 1 1 1 1 1 1 1 1 1 1 1 1 1 1 1 1
37 1
768398401 1000000000 7 1000000000 8119 1000000000 1000000000 114243 19601 3363 1000000000 22619537 17 318281039 47321 239 1000000000 1000000000 275807 41 1 1000000000 1 1000000000 131836323 1000000000 1000000000 54608393 1607521 665857 3 1393 9369319 577 1000000000 3880899 99
61 2
1 1 1 1 1 1 1 1 1 1 1 1 1 1 1 1 1 1 1 1 1 1 1 1 1 1 1 1000000000 1 1 1 1 1 1 1 1 1 1 1 1 1 1 1 1 1 1 1 1 1 1 1 1 1 1 1 1 1 1 1 1 1
19 2
991549033 991549034 991549034 991549033 991549031 991549031 991549031 991549030 991549029 991549032 991549034 991549028 991549029 991549031 991549030 991549032 991549030 991549028 991549028
4 2
1000000000 1 1 1
55 2
952754906 952754906 952754906 952754906 952754906 952754906 952754906 952754906 952754906 952754906 952754906 952754906 952754906 952754906 952754906 952754906 952754906 952754906 952754906 952754906 952754906 952754906 952754906 952754906 952754906 952754906 952754906 952754906 952754906 952754906 952754906 952754906 952754906 952754906 952754906 952754906 952754906 952754906 952754906 952754906 952754906 952754906 952754906 952754906 952754906 952754906 952754906 952754906 952754906 952754906 952754906 952754906 952754906 952754906 952754906
4 2
119400847 119400847 119400847 119400847
9 1
128 256 1 4 8 2 64 16 32
16 2
1000000000 1000000000 1000000000 1000000000 1000000000 1000000000 1000000000 1000000000 1000000000 1000000000 1000000000 1000000000 1000000000 1000000000 1000000000 1000000000
64 2
1000000000 1000000000 1000000000 1000000000 1000000000 1000000000 1000000000 1000000000 1000000000 1000000000 1000000000 1000000000 1000000000 1000000000 1000000000 1000000000 1000000000 1000000000 1000000000 1000000000 1000000000 1000000000 1000000000 1000000000 1000000000 1000000000 1000000000 1000000000 1000000000 1000000000 1000000000 1000000000 1000000000 1000000000 1000000000 1000000000 1000000000 1000000000 1000000000 1000000000 1000000000 1000000000 1000000000 1000000000 1000000000 1000000000 1000000000 1000000000 1000000000 1000000000 1000000000 1000000000 1000000000 1000000000 1000000000 1000000000 1000000000 1000000000 1000000000 1000000000 1000000000 1000000000 1000000000 1000000000
70 2
536870912 536870912 8388608 536870912 536870912 131072 536870912 536870912 16777216 536870912 536870912 536870912 536870912 536870912 32768 33554432 536870912 536870912 536870912 536870912 262144 536870912 2048 536870912 64 536870912 536870912 16 8192 4194304 134217728 1024 536870912 8 2 536870912 536870912 536870912 536870912 536870912 256 536870912 2097152 1048576 524288 536870912 4 65536 536870912 4096 536870912 536870912 16384 536870912 67108864 536870912 536870912 536870912 536870912 32 536870912 536870912 268435456 536870912 128 1 536870912 536870912 512 536870912
9 1
7884 925941657 1 801375630 2955869 100709109 35129096 113434352 42661
8 2
1 1 1000000000 1000000000 1000000000 1000000000 1 1
70 2
1 1000000000 1000000000 1000000000 1 1 1000000000 1 1000000000 1000000000 1000000000 1 1000000000 1000000000 1000000000 1000000000 1000000000 1 1000000000 1 1 1000000000 1000000000 1000000000 1 1000000000 1 1 1000000000 1 1 1 1000000000 1 1 1 1000000000 1000000000 1 1000000000 1 1000000000 1 1 1000000000 1000000000 1000000000 1000000000 1 1 1 1 1000000000 1 1000000000 1000000000 1 1 1 1000000000 1 1 1 1000000000 1 1000000000 1000000000 1000000000 1 1
3 2
715294991 674051903 487855661
70 1
16 536870912 536870912 536870912 536870912 536870912 536870912 536870912 536870912 536870912 4 536870912 1 524288 33554432 536870912 4194304 536870912 536870912 536870912 32 268435456 512 2097152 536870912 536870912 536870912 536870912 1048576 16384 536870912 536870912 2 536870912 128 8 67108864 4096 536870912 536870912 262144 8388608 536870912 536870912 536870912 536870912 536870912 536870912 134217728 64 536870912 536870912 8192 16777216 32768 131072 1024 536870912 256 536870912 536870912 536870912 536870912 536870912 65536 536870912 536870912 2048 536870912 536870912
1 2
1000000000
34 2
20 10 40 31 26 14 17 1 35 34 39 25 49 40 30 2 19 37 28 2 32 31 22 3 23 47 33 43 22 21 47 19 18 24
69 2
1 1 1 1 1 1 1000000000 1000000000 1 1000000000 1000000000 1 1 1 1 1000000000 1 1000000000 1 1000000000 1000000000 1000000000 1000000000 1 1000000000 1000000000 1 1000000000 1000000000 1 1 1 1000000000 1000000000 1000000000 1000000000 1 1000000000 1000000000 1000000000 1000000000 1 1000000000 1000000000 1000000000 1000000000 1 1000000000 1000000000 1 1000000000 1 1 1000000000 1000000000 1 1 1000000000 1 1 1 1 1000000000 1 1 1000000000 1000000000 1 1
27 2
17 665857 1 1 3 22619537 3363 131836323 54608393 1000000000 9369319 275807 114243 768398401 577 47321 239 1000000000 1607521 3880899 19601 318281039 41 99 7 1393 8119
7 2
713591285 134518412 949321 131444489 61 869807 417596
6 2
504782663 504782663 504782663 504782663 504782663 504782663
69 1
1000000000 1000000000 1000000000 1000000000 1000000000 1000000000 1000000000 1000000000 1000000000 1000000000 1000000000 1000000000 1000000000 1000000000 1000000000 1000000000 1000000000 1000000000 1000000000 1000000000 1000000000 1000000000 1000000000 1000000000 1000000000 1000000000 1000000000 1000000000 1000000000 1000000000 1000000000 1000000000 1000000000 1000000000 1000000000 1000000000 1000000000 1000000000 1000000000 1000000000 1000000000 1000000000 1000000000 1000000000 1000000000 1000000000 1000000000 1000000000 1000000000 1000000000 1000000000 1000000000 1000000000 1000000000 1000000000 1000000000 1000000000 1000000000 1000000000 1000000000 1000000000 1000000000 1000000000 1000000000 1000000000 1000000000 1000000000 1000000000 1000000000
69 2
828309803 526411825 697851087 12013524 646206289 441176214 207207280 417408266 719455827 751352080 98252639 160049312 212215276 432103546 801755238 899811853 328934104 380770125 109850820 391810642 633836075 698464555 908037570 714155208 134361538 926363535 211399828 363755642 905418033 210580411 557437083 657654598 715615631 807186799 675143647 689726492 460283020 340274970 853859276 453444222 360446540 175973315 768206403 520104225 886676245 90414190 451634215 336860715 974668480 532510575 918073002 280554862 148964877 360071975 312820873 787688757 296557850 751452029 768531770 5460668 871833380 778208596 956208387 249984459 718753658 151446970 507390447 815448896 830208088
8 1
146198917 146198917 146198918 146198914 146198916 146198914 146198916 146198920
70 2
32 3 50 27 16 47 11 18 28 32 44 11 39 32 46 1 35 17 40 41 12 15 15 40 15 17 20 30 36 15 13 47 2 42 14 14 1 47 31 2 36 34 26 36 34 15 27 13 50 37 49 33 39 47 9 3 16 17 46 3 42 43 13 27 40 29 15 6 30 46
8 2
1 1 1 1 1 1 1 1
2 2
883309143 127432120
3 2
30 33 26
6 2
1000000000 1000000000 1000000000 1 1 1
9 2
188687762 379258047 744321654 454280218 420225236 209649679 804719575 380103053 201648029
69 2
211727141 211727144 211727141 211727143 211727145 211727141 211727143 211727144 211727144 211727140 211727146 211727140 211727146 211727144 211727143 211727141 211727146 211727143 211727141 211727146 211727140 211727146 211727143 211727140 211727144 211727142 211727140 211727140 211727145 211727145 211727146 211727146 211727146 211727141 211727141 211727144 211727146 211727145 211727146 211727140 211727144 211727142 211727142 211727140 211727144 211727141 211727146 211727146 211727140 211727142 211727142 211727144 211727141 211727142 211727146 211727146 211727146 211727144 211727145 211727146 211727143 211727146 211727143 211727141 211727140 211727145 211727142 211727145 211727145
9 2
590363997 590363997 590363997 590363997 590363997 590363997 590363997 590363997 590363997
4 2
524401329 524401329 524401329 524401329
6 2
7 41 1 17 3 1
70 2
5 42 11 19 27 15 8 22 38 42 26 4 16 41 28 14 49 33 26 13 25 7 2 35 42 23 21 1 4 32 43 32 11 48 19 9 20 19 18 12 22 36 47 39 23 37 23 49 26 28 40 9 2 16 8 15 3 11 27 19 15 30 2 32 18 46 5 11 3 5
10 2
1000000000 1 1000000000 1000000000 1000000000 1 1 1000000000 1 1
15 2
320736350 320736346 320736349 320736346 320736345 320736346 320736347 320736348 320736345 320736348 320736345 320736345 320736350 320736347 320736346
59 2
832983724 832983724 832983724 832983724 832983724 832983724 832983724 832983724 832983724 832983724 832983724 832983724 832983724 832983724 832983724 832983724 832983724 832983724 832983724 832983724 832983724 832983724 832983724 832983724 832983724 832983724 832983724 832983724 832983724 832983724 832983724 832983724 832983724 832983724 832983724 832983724 832983724 832983724 832983724 832983724 832983724 832983724 832983724 832983724 832983724 832983724 832983724 832983724 832983724 832983724 832983724 832983724 832983724 832983724 832983724 832983724 832983724 832983724 832983724
37 1
1 5893680 6890710 192594853 79312647 43814 128750 801966611 360911057 94524 756613 30 49 59452 740 26648 771980 1 8907589 1935 10196995 9 41231 38413037 569 4056720 45760 101 3 4431042 75470376 1 2395549 3225 34 481623 1
4 2
1 1 1000000000 1000000000
70 1
1000000000 1000000000 1000000000 1000000000 1000000000 1000000000 1000000000 1000000000 1000000000 1000000000 1000000000 1000000000 1000000000 1000000000 1000000000 1000000000 1000000000 1000000000 1000000000 1000000000 1000000000 1000000000 1000000000 1000000000 1000000000 1000000000 1000000000 1000000000 1000000000 1000000000 1000000000 1000000000 1000000000 1000000000 1000000000 1000000000 1000000000 1000000000 1000000000 1000000000 1000000000 1000000000 1000000000 1000000000 1000000000 1000000000 1000000000 1000000000 1000000000 1000000000 1000000000 1000000000 1000000000 1000000000 1000000000 1000000000 1000000000 1000000000 1000000000 1000000000 1000000000 1000000000 1000000000 1000000000 1000000000 1000000000 1000000000 1000000000 1000000000 1000000000
8 2
17 9 42367671 7 2044 23514 3708245 5
70 2
1 1 1 1000000000 1000000000 1000000000 1 1000000000 1000000000 1 1000000000 1000000000 1000000000 1000000000 1 1000000000 1000000000 1 1 1 1000000000 1 1000000000 1 1000000000 1000000000 1 1 1 1000000000 1 1 1 1000000000 1 1 1000000000 1 1000000000 1 1000000000 1000000000 1000000000 1 1 1000000000 1000000000 1000000000 1 1 1000000000 1 1000000000 1 1000000000 1 1000000000 1000000000 1 1 1 1000000000 1000000000 1 1000000000 1 1000000000 1 1000000000 1
1 2
27
8 2
456621545 443927946 489157962 182593943 343321881 877130375 70521148 508177913
5 2
1 1 1 1 1
2 2
754963357 658926657
69 2
367766001 367766001 367766001 367766001 367766001 367766001 367766001 367766001 367766001 367766001 367766001 367766001 367766001 367766001 367766001 367766001 367766001 367766001 367766001 367766001 367766001 367766001 367766001 367766001 367766001 367766001 367766001 367766001 367766001 367766001 367766001 367766001 367766001 367766001 367766001 367766001 367766001 367766001 367766001 367766001 367766001 367766001 367766001 367766001 367766001 367766001 367766001 367766001 367766001 367766001 367766001 367766001 367766001 367766001 367766001 367766001 367766001 367766001 367766001 367766001 367766001 367766001 367766001 367766001 367766001 367766001 367766001 367766001 367766001
36 2
1000000000 1000000000 1000000000 1000000000 1000000000 1000000000 1000000000 1000000000 1000000000 1000000000 1000000000 1000000000 1000000000 1000000000 1000000000 1000000000 1000000000 1000000000 1000000000 1000000000 1000000000 1000000000 1000000000 1000000000 1000000000 1000000000 1000000000 1000000000 1000000000 1000000000 1000000000 1000000000 1000000000 1000000000 1000000000 1000000000
70 1
364448744 309870483 398735100 877538094 310996082 41427290 435998941 372372733 277026571 132772972 370633408 486017326 97161433 11034254 386100877 317898251 683945152 119833978 197310596 728863193 737397083 739731100 373373535 171368474 329225627 177297714 129074559 526839298 703713250 396459901 760795453 80005726 300574114 801732005 60394089 473562280 430509952 714008778 420575030 591561624 535723562 112010293 49664130 67621847 927564811 15659224 461491379 640866862 981613295 63383181 174450246 328291796 922135484 706435656 458246707 390136820 503155500 799523038 233170097 778144223 786116385 443073601 53723285 571337515 946707871 298432972 421659091 7390070 867328680 558881469
70 2
17 19 46 41 41 5 22 26 25 35 7 39 39 44 6 3 38 14 32 29 44 6 41 6 40 28 2 21 7 32 47 2 28 49 22 8 32 9 19 49 1 36 34 35 3 34 45 3 24 30 23 3 48 48 6 47 40 40 48 35 8 41 18 10 31 9 32 5 33 21
3 2
1000000000 1000000000 1000000000
8 2
1 1 1 1 1 1 1 1
25 2
1 2 2048 16384 4194304 512 262144 16 1048576 8388608 8 256 4 64 32 65536 2097152 1024 524288 4096 16777216 8192 131072 128 32768
6 2
4 9 26 31 9 8
7 2
41 1 1 99 3 7 17
38 2
620007498 620007498 620007498 620007498 620007498 620007498 620007498 620007498 620007498 620007498 620007498 620007498 620007498 620007498 620007498 620007498 620007498 620007498 620007498 620007498 620007498 620007498 620007498 620007498 620007498 620007498 620007498 620007498 620007498 620007498 620007498 620007498 620007498 620007498 620007498 620007498 620007498 620007498
70 2
3 196418 89 1597 24157817 1000000000 1000000000 1000000000 317811 987 1000000000 5 1000000000 1000000000 1000000000 6765 1000000000 14930352 39088169 1000000000 433494437 832040 75025 1000000000 1000000000 5702887 1000000000 9227465 1 1 1000000000 1000000000 1000000000 13 2 267914296 2178309 4181 1000000000 1000000000 1000000000 1000000000 610 1000000000 1000000000 1000000000 10946 1000000000 1000000000 233 1346269 34 28657 514229 701408733 8 102334155 144 17711 21 1000000000 55 3524578 165580141 1000000000 63245986 377 2584 121393 46368
2 1
1 1000000000
56 2
818226189 818226189 818226189 818226189 818226189 818226189 818226189 818226189 818226189 818226189 818226189 818226189 818226189 818226189 818226189 818226189 818226189 818226189 818226189 818226189 818226189 818226189 818226189 818226189 818226189 818226189 818226189 818226189 818226189 818226189 818226189 818226189 818226189 818226189 818226189 818226189 818226189 818226189 818226189 818226189 818226189 818226189 818226189 818226189 818226189 818226189 818226189 818226189 818226189 818226189 818226189 818226189 818226189 818226189 818226189 818226189
70 2
16 33 43 34 13 4 43 37 45 17 35 26 27 40 9 1 41 4 9 38 38 42 4 50 36 36 3 40 7 11 8 43 24 21 47 22 18 24 29 43 21 11 36 16 34 45 49 43 2 49 31 16 20 8 18 32 43 44 20 28 2 2 15 48 38 16 14 35 28 30
70 2
1000000000 1000000000 3363 275807 1000000000 1000000000 239 1 54608393 1000000000 1000000000 1000000000 1607521 318281039 17 1000000000 99 1393 1000000000 1000000000 1000000000 1000000000 1000000000 1000000000 1000000000 1000000000 114243 1000000000 1000000000 1000000000 41 1 8119 1000000000 1000000000 1000000000 1000000000 47321 1000000000 19601 1000000000 1000000000 1000000000 1000000000 1000000000 1000000000 9369319 1000000000 1000000000 1000000000 768398401 3880899 1000000000 22619537 1000000000 1000000000 665857 577 1000000000 131836323 1000000000 1000000000 1000000000 1000000000 1000000000 3 7 1000000000 1000000000 1000000000
70 2
1 1 1000000000 1000000000 1 1 1 1 1 1 1000000000 1 1000000000 1000000000 1000000000 1000000000 1000000000 1 1000000000 1000000000 1000000000 1000000000 1 1 1 1 1 1 1000000000 1000000000 1 1 1 1 1000000000 1000000000 1 1000000000 1000000000 1000000000 1000000000 1 1 1000000000 1 1000000000 1 1 1 1000000000 1000000000 1 1 1000000000 1000000000 1 1 1 1 1000000000 1000000000 1000000000 1000000000 1000000000 1000000000 1000000000 1000000000 1 1 1000000000
65 2
1 1 1 1 1 1 1 1 1 1 1 1 1 1 1 1 1 1 1 1 1 1 1 1 1 1 1 1 1 1 1 1 1 1 1 1 1 1 1 1 1 1 1 1 1 1 1 1 1 1000000000 1 1 1 1 1 1 1 1 1 1 1 1 1 1 1
6 2
273810622 273810622 273810622 273810622 273810622 273810622
2 2
843879813 843879813
2 2
1 1
1 2
1000000000
54 1
27 43 36 18 36 43 47 32 29 19 23 8 14 13 32 38 43 20 44 20 16 20 49 47 49 26 40 13 50 9 32 14 41 12 48 11 8 5 30 21 43 17 2 1 11 1 19 18 49 1 12 16 35 10
66 2
303004617 399841041 168531347 288932645 803289692 388529852 340505755 388606641 575520532 60617151 42780852 616557378 546566667 29863986 539503638 204655843 64709133 650017088 605299478 333692096 867305352 934410976 618491136 462316054 360503397 226650298 863358508 86521746 697678319 145588792 747743141 900565907 591628436 935894259 793390888 506447807 778072919 490564370 268034139 53185278 657094673 93064931 906207654 567242009 462786888 181259877 407695567 157174580 552060118 441336461 904839019 187976292 198913416 723881567 773630901 462351325 66666860 997720856 36447843 898237673 95391873 438294591 637417166 945690678 332579311 732284361
70 1
1 1 1 1 1 1 1 1 1 1 1 1 1 1 1 1 1 1 1 1 1 1 1 1 1 1 1 1 1 1 1 1 1 1 1 1 1 1 1 1 1 1 1000000000 1 1 1 1 1 1 1 1 1 1 1 1 1 1 1 1 1 1 1 1 1 1 1 1 1 1 1
42 2
1 1 1 1000000000 1 1000000000 1000000000 1 1000000000 1000000000 1 1000000000 1 1000000000 1 1000000000 1000000000 1 1000000000 1 1000000000 1000000000 1000000000 1000000000 1 1000000000 1 1000000000 1000000000 1 1000000000 1000000000 1000000000 1000000000 1 1 1 1 1 1 1 1
70 1
1 1 1 1 1 1 1 1 1 1 1 1 1 1 1 1 1 1 1 1 1 1 1 1 1 1 1 1 1 1 1 1 1 1 1 1 1 1 1 1 1 1 1 1 1 1 1 1 1 1 1 1 1 1 1 1 1 1 1 1 1 1 1 1 1 1 1 1 1 1
70 2
4 16 39 44 35 10 7 50 37 19 17 4 28 9 7 13 16 36 32 18 21 17 2 32 30 9 47 45 2 11 39 38 37 47 11 3 30 42 47 7 12 5 7 38 15 36 2 14 50 28 6 30 28 43 5 2 10 24 19 38 39 9 49 42 21 28 7 35 7 35
30 2
281 3 900413204 20 380332 4 541159 61837003 617225 1 152823 1 856092 159 653110 8244 9039252 551 424 260419199 619100 8926 9348 5165 540 6444449 3553 652 6 341825899
6 1
1 1 1 1 1 1
8 2
32 16 64 8 1 128 4 2
70 2
1000000000 1000000000 1000000000 1000000000 1000000000 1 1000000000 1 1 1 1 1 1 1000000000 1000000000 1 1 1 1 1000000000 1000000000 1 1000000000 1000000000 1 1000000000 1 1000000000 1 1 1 1000000000 1000000000 1 1 1 1000000000 1000000000 1000000000 1000000000 1000000000 1000000000 1 1 1 1 1000000000 1000000000 1000000000 1000000000 1 1000000000 1 1000000000 1 1 1000000000 1000000000 1000000000 1 1 1000000000 1 1 1 1000000000 1 1000000000 1000000000 1
69 2
1 1 1 1 1 1 1 1 1 1 1 1 1 1 1 1 1 1 1 1 1 1 1 1 1 1 1 1 1 1 1 1 1 1 1 1 1 1 1 1 1 1 1 1 1 1 1 1 1 1 1 1 1 1 1 1 1 1 1 1 1 1 1 1 1 1 1 1 1
9 2
282477691 282477691 282477691 282477691 282477691 282477691 282477691 282477691 282477691
4 2
1 1 1 1
7 2
1 1 1 1 1 1 1
70 2
1000000000 1000000000 1000000000 1000000000 1000000000 1000000000 1000000000 1000000000 1000000000 1000000000 1000000000 1000000000 1000000000 1000000000 1000000000 1000000000 1000000000 1000000000 1000000000 1000000000 1000000000 1000000000 1000000000 1000000000 1000000000 1000000000 1000000000 1000000000 1000000000 1000000000 1000000000 1000000000 1000000000 1000000000 1000000000 1000000000 1000000000 1000000000 1000000000 1000000000 1000000000 1000000000 1000000000 1000000000 1000000000 1000000000 1000000000 1000000000 1000000000 1000000000 1000000000 1000000000 1000000000 1000000000 1000000000 1000000000 1000000000 1000000000 1000000000 1000000000 1000000000 1000000000 1000000000 1000000000 1000000000 1000000000 1000000000 1000000000 1000000000 1000000000
5 2
1000000000 1000000000 1000000000 1 1
2 2
693311875 693311875
4 2
2 4 1 8
5 2
928269636 928269636 928269636 928269636 928269636
70 2
536870912 536870912 256 67108864 536870912 536870912 262144 536870912 536870912 16 1024 16384 524288 536870912 8 536870912 16777216 536870912 536870912 536870912 33554432 536870912 134217728 536870912 4 536870912 65536 536870912 536870912 536870912 536870912 536870912 512 536870912 536870912 536870912 536870912 1048576 131072 536870912 268435456 2 536870912 128 32 64 536870912 536870912 8192 536870912 536870912 4194304 32768 536870912 2097152 4096 536870912 536870912 536870912 1 536870912 536870912 8388608 536870912 536870912 536870912 536870912 536870912 2048 536870912
3 2
1 1000000000 1
3 2
1 2 4
8 2
817109131 817109131 817109131 817109131 817109131 817109131 817109131 817109131
70 2
1 1 1 1 1 1 1 1 1 1 1 1 1 1 1 1 1 1 1 1 1 1 1 1 1 1 1 1 1 1 1 1 1 1 1 1 1 1 1 1000000000 1 1 1 1 1 1 1 1 1 1 1 1 1 1 1 1 1 1 1 1 1 1 1 1 1 1 1 1 1 1
44 2
739715363 739715362 739715367 739715365 739715366 739715364 739715366 739715361 739715365 739715365 739715362 739715361 739715365 739715367 739715363 739715364 739715367 739715367 739715363 739715365 739715365 739715367 739715362 739715361 739715367 739715364 739715362 739715363 739715367 739715362 739715363 739715363 739715362 739715361 739715363 739715365 739715361 739715362 739715364 739715362 739715366 739715364 739715362 739715365
70 2
86730265 86730262 86730259 86730264 86730264 86730263 86730261 86730263 86730265 86730262 86730265 86730261 86730262 86730262 86730262 86730263 86730260 86730262 86730262 86730262 86730261 86730259 86730260 86730263 86730261 86730262 86730260 86730265 86730262 86730265 86730260 86730263 86730265 86730260 86730262 86730265 86730265 86730261 86730261 86730262 86730260 86730263 86730265 86730263 86730259 86730263 86730263 86730259 86730265 86730263 86730265 86730262 86730265 86730262 86730265 86730259 86730259 86730261 86730260 86730262 86730265 86730265 86730259 86730262 86730261 86730265 86730260 86730263 86730260 86730263
70 2
9984 458686 2111 2923286 8 723673 541106955 453995 1 550 410 242355464 41 1 89622137 590300136 448582 1 994561604 6833679 623 7279919 67113 3814 69 236 256971 3623 42 54 821 17 6487 9 286993 1 1 515 301227 1 357080420 1226746 82545889 54778 3373 1166 95864 5562610 732196219 875184035 92796063 131976294 61998975 361061181 1 622 54921455 18637 92 787434 2655 8965 9 12 313442 443600 292439 1 897 640928
58 2
1 1 1 1 1 1 1 1 1 1 1 1 1 1 1 1 1 1 1 1 1 1 1 1 1 1 1 1 1 1000000000 1 1 1 1 1 1 1 1 1 1 1 1 1 1 1 1 1 1 1 1 1 1 1 1 1 1 1 1
8 2
1 1 1 1 1 1 1 1
7 2
789536993 789536987 789536993 789536988 789536987 789536988 789536991
7 1
608172389 267562611 168936233 354464908 200502365 865036896 836150725
20 2
64 512 32 32768 16 1 128 4096 65536 8192 16384 131072 2048 1024 4 8 2 262144 524288 256
2 2
5805462 525
51 2
282160061 532998909 383369483 169811434 496931937 825093230 677492651 66679629 393601659 13203201 934670325 376348439 162226322 353705950 523118604 734555363 640403551 885992336 815644662 509044311 201354626 493570399 467136501 523663161 86626786 743927006 276375539 695809834 647582273 83268284 42655902 967542657 69608248 195830422 489419220 408120021 823433668 764306144 119962516 562455804 530802871 382637642 456145307 130568393 833644551 417069642 432716687 439944027 805723077 754963435 38280959
70 2
261194379 209573559 400162794 216948088 356998381 121355934 76281557 872044321 832345277 348914773 398313261 935645197 975652894 863063261 505259137 905612236 712614893 723099894 552101996 43938800 263215606 817586685 540973752 522691531 280364069 409570120 894205408 876913939 346264390 93734856 254402399 274101234 513862641 618767740 863961338 230814358 604860745 305937740 661096510 256086549 866184115 795998784 828827492 417543496 479345900 596620460 608493057 519055648 935855133 636811582 666229179 278523742 855617389 800769298 961401345 741505810 426610074 600519632 36288146 487360159 104931314 900377106 995766078 604876384 610820595 872275149 190976316 123846041 927567594 927061579
37 2
1048576 268435456 536870912 1 536870912 512 524288 65536 16384 8192 536870912 16 131072 128 2097152 2048 4 262144 536870912 536870912 8388608 16777216 536870912 32768 1024 64 67108864 32 8 2 4096 256 536870912 536870912 4194304 33554432 134217728
13 2
1 1000000000 1 1000000000 1 1000000000 1 1 1000000000 1000000000 1 1000000000 1000000000
2 2
1 1
9 2
28 15 11 10 13 45 38 39 27
25 2
1 1 1 1 1 1 1 1 1 1 1 1 1 1 1 1 1 1 1 1 1 1 1 1 1
69 1
1 1 1 1 1 1 1 1 1 1 1 1 1 1 1 1 1 1 1 1 1 1 1 1 1 1 1 1 1 1 1 1 1 1 1 1 1 1 1 1 1 1 1 1 1 1 1 1 1 1 1 1 1 1 1 1 1 1 1 1 1 1 1 1 1 1 1 1 1
6 2
323248565 323248565 323248565 323248565 323248565 323248565
47 2
1000000000 1 1000000000 1 1 1000000000 1 1000000000 1000000000 1 1 1 1000000000 1 1000000000 1 1000000000 1 1 1 1000000000 1000000000 1000000000 1000000000 1000000000 1 1 1 1 1 1000000000 1000000000 1 1 1000000000 1000000000 1000000000 1 1000000000 1000000000 1000000000 1000000000 1 1 1000000000 1 1000000000
4 2
1000000000 1000000000 1000000000 1000000000
36 2
840081081 23604 9691515 838834 9265911 65490 1 67720 49 18087593 2874760 9981 7570694 3614369 80041 64 7 646445393 576179 559011595 59916232 394631530 5871 53544 304 1360 34309 85014 91 361933 92 2 97929 1416 9188407 8407
21 2
1 637 4 11 93 56866836 1 1 935 42 4257 889873713 256831 8539 3308 4 1 177 342297 2920 8966
70 2
14 20 17 27 22 37 34 25 4 19 33 14 22 11 27 5 3 24 36 43 26 37 47 42 17 14 30 21 37 48 11 16 48 9 10 2 4 38 38 43 26 32 35 27 23 23 5 44 14 49 21 26 16 38 39 47 41 36 18 31 15 15 41 41 40 43 44 14 47 35
36 2
505984114 505984117 505984119 505984115 505984114 505984120 505984115 505984115 505984118 505984117 505984115 505984117 505984115 505984116 505984116 505984118 505984116 505984114 505984116 505984116 505984119 505984117 505984120 505984120 505984117 505984116 505984114 505984116 505984120 505984118 505984119 505984114 505984119 505984120 505984116 505984115
61 2
1000000000 5 1000000000 9227465 701408733 75025 144 63245986 3 1000000000 1000000000 46368 39088169 5702887 28657 317811 1000000000 1597 1000000000 377 17711 6765 1000000000 832040 433494437 1 1000000000 1000000000 121393 1346269 34 1000000000 610 8 4181 2178309 102334155 1000000000 1000000000 13 165580141 1000000000 89 14930352 987 55 514229 3524578 233 267914296 21 10946 2 2584 1000000000 24157817 196418 1000000000 1000000000 1 1000000000
35 2
1 9369319 3363 1393 768398401 3880899 1000000000 1000000000 1000000000 3 275807 19601 1000000000 17 54608393 47321 318281039 1000000000 131836323 577 41 1000000000 1000000000 114243 1000000000 1000000000 8119 665857 22619537 1000000000 99 7 1 239 1607521
70 2
1000000000 1000000000 1 1000000000 10946 1000000000 55 1000000000 433494437 8 987 1000000000 1000000000 1000000000 3 1000000000 14930352 1000000000 1000000000 1 121393 2178309 317811 1000000000 1000000000 75025 1000000000 377 701408733 1000000000 1000000000 4181 233 267914296 832040 2 3524578 28657 1000000000 1000000000 13 34 1000000000 196418 1000000000 1597 63245986 1346269 1000000000 9227465 5702887 1000000000 1000000000 102334155 2584 17711 5 6765 610 1000000000 89 514229 39088169 144 46368 1000000000 165580141 1000000000 21 24157817
33 2
1000000000 1000000000 1000000000 1000000000 1000000000 1000000000 1000000000 1000000000 1000000000 1000000000 1000000000 1000000000 1000000000 1000000000 1000000000 1000000000 1000000000 1000000000 1000000000 1000000000 1000000000 1000000000 1000000000 1000000000 1000000000 1000000000 1000000000 1000000000 1000000000 1000000000 1000000000 1000000000 1000000000
8 2
1000000000 1 1000000000 1000000000 1 1000000000 1 1
43 2
1 1 1 1 1 1 1 1 1 1 1 1 1 1 1 1 1 1 1 1 1000000000 1 1 1 1 1 1 1 1 1 1 1 1 1 1 1 1 1 1 1 1 1 1
70 2
201861973 932823327 962422287 971499508 907064696 758436614 377347511 505977428 587309835 985999253 265589798 344669064 209027060 736265448 453296101 627039563 222856695 700163632 725624769 13899299 775785557 456648453 8198102 930279935 215172028 336319477 708130358 384801067 543720516 707047245 775485865 300622444 603270278 887852595 571630967 23281298 705035257 237278914 302646134 446426728 975342183 719024133 817322536 789938340 964948835 372960663 114109665 625661896 699053811 223859505 139318858 943084098 981325365 515584839 893721649 496062942 165567247 639430008 762530734 786437343 238922817 12614313 618476230 731203176 316917957 912532855 362847786 418502071 401353227 762258277
8 2
1000000000 1000000000 1000000000 1000000000 1000000000 1000000000 1000000000 1000000000
7 2
1000000000 1 1 1 1 1 1
32 2
1 318281039 3363 1000000000 3 1000000000 1000000000 41 1000000000 1607521 1000000000 768398401 7 1 54608393 577 131836323 19601 114243 22619537 99 17 665857 47321 275807 3880899 1000000000 8119 9369319 1393 1000000000 239
4 2
1 4 8 2
38 2
163612995 163612995 163612995 163612995 163612995 163612995 163612995 163612995 163612995 163612995 163612995 163612995 163612995 163612995 163612995 163612995 163612995 163612995 163612995 163612995 163612995 163612995 163612995 163612995 163612995 163612995 163612995 163612995 163612995 163612995 163612995 163612995 163612995 163612995 163612995 163612995 163612995 163612995
3 2
45 20 49
8 2
3 1 17 7 239 41 99 1
31 2
1 1 1 1 1 1 1 1 1 1000000000 1 1 1 1 1 1 1 1 1 1 1 1 1 1 1 1 1 1 1 1 1
9 2
7 577 239 17 1 41 1 99 3
4 2
1 8 2 4
36 2
1000000000 1000000000 1 1 1000000000 1 1000000000 1 1 1000000000 1000000000 1 1 1 1 1000000000 1000000000 1 1000000000 1 1 1 1 1000000000 1000000000 1 1000000000 1000000000 1000000000 1000000000 1 1 1 1000000000 1000000000 1000000000
5 2
1000000000 1 1000000000 1 1000000000
14 2
1 1000000000 1000000000 1 1000000000 1000000000 1 1000000000 1 1000000000 1 1000000000 1 1
1 1
1000000000
20 2
1000000000 1000000000 1000000000 1000000000 1000000000 1000000000 1000000000 1000000000 1000000000 1000000000 1000000000 1000000000 1000000000 1000000000 1000000000 1000000000 1000000000 1000000000 1000000000 1000000000
2 2
1 2
7 2
8 29 8 6 3 35 16
67 2
1000000000 13 196418 3524578 233 1000000000 102334155 1000000000 1000000000 28657 1000000000 1 46368 1000000000 267914296 34 3 17711 1000000000 1000000000 4181 2 5702887 1346269 1000000000 2584 377 1000000000 832040 63245986 21 14930352 165580141 1000000000 1000000000 75025 24157817 1000000000 317811 1597 6765 1000000000 1 701408733 1000000000 9227465 39088169 514229 2178309 55 987 8 1000000000 1000000000 610 1000000000 433494437 89 10946 1000000000 121393 5 1000000000 1000000000 144 1000000000 1000000000
2 2
642361034 777341081
8 2
1000000000 1 1 1000000000 1000000000 1 1 1000000000
69 1
233 8 14930352 2 3524578 1000000000 2178309 1000000000 10946 610 514229 1000000000 1000000000 55 267914296 17711 6765 1000000000 1000000000 1000000000 1000000000 1000000000 34 102334155 13 1000000000 1000000000 5 5702887 9227465 1000000000 21 1000000000 433494437 1 196418 1346269 2584 317811 1000000000 987 1000000000 24157817 1000000000 1 39088169 1000000000 121393 28657 1597 1000000000 46368 1000000000 1000000000 1000000000 4181 1000000000 1000000000 75025 63245986 144 1000000000 832040 1000000000 89 165580141 377 701408733 3
70 2
1 1 1 1 1 1 1 1000000000 1 1 1 1 1 1 1 1 1 1 1 1 1 1 1 1 1 1 1 1 1 1 1 1 1 1 1 1 1 1 1 1 1 1 1 1 1 1 1 1 1 1 1 1 1 1 1 1 1 1 1 1 1 1 1 1 1 1 1 1 1 1
43 2
1 1 1 1 1 1 1 1 1 1 1 1 1 1 1 1 1 1 1 1 1 1 1 1 1 1 1 1 1 1 1 1 1 1 1 1 1 1 1 1 1 1 1
70 2
24 5 13 44 27 35 30 21 47 35 21 7 9 50 34 34 46 28 46 50 8 50 4 34 22 31 12 4 49 47 17 36 1 35 36 13 48 15 2 12 16 8 14 30 26 46 17 42 18 50 16 30 47 50 34 43 11 35 40 46 32 36 22 49 8 22 10 5 11 46
8 2
1000000000 1000000000 1000000000 1000000000 1000000000 1000000000 1000000000 1000000000
7 2
11 32 41 12 32 48 18
5 2
20998 8796 3 912319776 43888493
8 2
40 43 50 23 35 42 30 29
48 2
1024 65536 8 32768 1 2097152 536870912 536870912 131072 4194304 536870912 536870912 536870912 536870912 256 8388608 536870912 16384 536870912 536870912 16777216 524288 128 64 32 1048576 536870912 512 536870912 2048 536870912 268435456 262144 4096 67108864 8192 134217728 536870912 536870912 536870912 33554432 536870912 4 16 2 536870912 536870912 536870912
5 2
268300170 268300170 268300170 268300169 268300167
2 2
4854 1
70 1
1 1 1 1000000000 1000000000 1 1 1000000000 1000000000 1 1000000000 1 1 1 1 1 1 1000000000 1000000000 1 1 1 1 1000000000 1000000000 1 1000000000 1000000000 1 1000000000 1 1000000000 1 1 1 1000000000 1000000000 1 1000000000 1000000000 1000000000 1 1000000000 1000000000 1000000000 1 1 1000000000 1 1000000000 1 1000000000 1000000000 1 1000000000 1 1000000000 1 1000000000 1000000000 1000000000 1000000000 1000000000 1 1000000000 1 1 1000000000 1 1000000000
69 2
1000000000 1000000000 1000000000 1000000000 2584 9227465 514229 3524578 2 433494437 1000000000 1000000000 55 1000000000 5702887 28657 1000000000 13 1000000000 987 1000000000 17711 1000000000 10946 832040 165580141 1000000000 701408733 14930352 24157817 75025 1000000000 1000000000 8 2178309 610 1346269 233 46368 1 102334155 1597 21 121393 1000000000 39088169 1000000000 1000000000 4181 1 267914296 1000000000 89 5 1000000000 1000000000 1000000000 1000000000 34 63245986 144 1000000000 377 196418 1000000000 3 317811 6765 1000000000
9 2
32 8 16 128 256 64 4 2 1
6 2
1 1 1 1 1 1000000000
2 2
2 1
9 2
379946393 491181600 819114181 824233111 807598692 669647632 584859495 629280004 670601907
70 2
540231699 641192722 581752762 331458660 405832229 994636704 44233190 275633629 230912908 396310356 602447558 226212734 511726364 825241796 169577035 39160035 945046225 59903873 915319048 753223651 113332902 7407053 774286924 213960447 748190596 199402619 206624945 836119558 303719094 173033349 307907912 523529275 841598023 377896454 726521730 123518600 683092347 202533932 290123519 203487833 146648044 338340664 407875232 65041417 774889177 379904233 165324087 51922604 448693131 199394341 304338136 158724941 892230342 627038059 670016719 660397750 185592357 14832207 318768509 499339248 309429275 212291905 779750934 260973280 38674453 62283228 585910104 523709446 613630132 753323960
19 2
41 45 33 23 37 39 37 49 10 14 13 46 43 13 40 2 39 34 13
63 2
15391805 130931155 75227564 388066251 436803531 55115810 967138943 316566961 456003708 623563069 983109696 932532575 741969367 8016279 382054052 553342173 332604884 951715576 402221423 702588168 537285703 60677856 259111641 506081969 513554110 833343723 809973272 661948638 606620684 335550522 735179459 398055877 717096488 717729188 983767519 990675472 618801471 564490406 528648218 860448853 806132426 800635719 9871053 924492722 620166105 924627666 561008305 996374420 565799733 781591674 264333580 922717010 208547949 502299419 274198334 147384929 499397991 565856189 905024460 866605697 327403430 189897539 142175874
70 2
1 1 1000000000 1 1000000000 1000000000 1 1000000000 1000000000 1000000000 1 1000000000 1 1 1000000000 1000000000 1000000000 1 1000000000 1000000000 1000000000 1000000000 1 1000000000 1000000000 1 1000000000 1 1 1 1000000000 1 1000000000 1 1 1000000000 1 1 1000000000 1 1000000000 1 1000000000 1 1 1 1 1000000000 1000000000 1000000000 1000000000 1 1000000000 1000000000 1000000000 1000000000 1 1000000000 1 1 1 1000000000 1 1000000000 1 1 1 1 1 1000000000
2 1
949426086 197176746
69 1
48 15 41 11 41 3 34 27 18 48 33 10 43 1 19 2 44 40 32 7 43 30 12 21 3 3 48 22 1 37 30 2 3 23 9 41 39 25 30 39 6 14 37 15 15 30 40 38 13 13 41 50 4 28 27 18 9 18 47 49 14 4 35 50 24 32 30 24 10
54 2
1 1 1 1 1 1 1 1 1 1 1 1 1 1 1 1 1 1 1 1 1 1 1 1 1 1 1 1 1 1 1 1 1 1 1 1 1 1 1 1 1 1 1 1 1 1 1 1 1 1 1 1 1 1
9 2
1000000000 1000000000 1000000000 1000000000 1000000000 1000000000 1000000000 1000000000 1000000000
6 2
41 1 1 3 7 17
5 2
294021960 294021960 294021965 294021964 294021963
7 1
860960792 860960794 860960793 860960797 860960794 860960791 860960793
26 2
665857 19601 47321 239 768398401 3880899 275807 54608393 17 318281039 22619537 1 1 7 9369319 131836323 3363 1000000000 114243 41 3 1393 577 8119 1607521 99
10 2
1000000000 1000000000 1 1000000000 1 1 1000000000 1 1000000000 1
9 2
1000000000 1000000000 1000000000 1000000000 1000000000 1000000000 1000000000 1000000000 1000000000
3 2
3 1 1
6 2
1 1 1 1 1 1
26 2
1 1 1 1 1 1 1 1 1 1 1 1 1 1 1 1 1 1 1 1 1 1 1 1000000000 1 1
7 2
545805860 545805860 545805860 545805860 545805860 545805860 545805860
70 2
1 1 1 1 1 1 1 1 1 1 1 1 1 1 1 1 1 1 1 1 1 1 1 1 1 1 1 1 1 1 1 1 1 1 1 1 1 1 1 1 1 1 1 1 1 1 1 1 1 1 1 1 1 1 1 1 1 1 1 1 1 1 1 1 1 1 1 1 1 1
2 2
1000000000 1000000000
3 2
1 1 3
4 2
674539842 674539839 674539840 674539841
70 2
536870912 1048576 262144 64 536870912 128 536870912 536870912 1024 536870912 1 536870912 536870912 33554432 536870912 8388608 536870912 536870912 67108864 536870912 536870912 536870912 536870912 536870912 536870912 4 16 536870912 2 536870912 134217728 536870912 536870912 536870912 32 536870912 536870912 524288 536870912 2097152 131072 536870912 2048 536870912 536870912 536870912 512 536870912 65536 536870912 536870912 536870912 16384 536870912 536870912 8 4096 536870912 536870912 256 536870912 4194304 536870912 8192 268435456 536870912 536870912 32768 16777216 536870912
1 2
62349315
31 2
1 1 1 1 1 1 1 1 1 1 1 1 1 1 1 1 1 1 1 1 1 1 1 1 1 1 1 1 1 1 1
51 2
517086589 427012129 155952686 529526524 289019963 99446883 533328905 695272980 440496054 981732217 837759559 786256576 579448840 681051573 191135135 509314995 319215538 359823906 915332586 684063003 330093420 735513701 637101185 18920749 721502982 249048996 793182030 631936037 585322388 270850837 430138866 673662219 733333286 829411844 321216902 18906833 567380429 117975851 372490552 152957402 781784167 784903483 881966429 226244594 830594028 847441667 967498028 774946104 728039081 916585557 484682683
1 2
1000000000
69 2
1000000000 1000000000 1000000000 1000000000 1000000000 1000000000 1000000000 1000000000 1000000000 1000000000 1000000000 1000000000 1000000000 1000000000 1000000000 1000000000 1000000000 1000000000 1000000000 1000000000 1000000000 1000000000 1000000000 1000000000 1000000000 1000000000 1000000000 1000000000 1000000000 1000000000 1000000000 1000000000 1000000000 1000000000 1000000000 1000000000 1000000000 1000000000 1000000000 1000000000 1000000000 1000000000 1000000000 1000000000 1000000000 1000000000 1000000000 1000000000 1000000000 1000000000 1000000000 1000000000 1000000000 1000000000 1000000000 1000000000 1000000000 1000000000 1000000000 1000000000 1000000000 1000000000 1000000000 1000000000 1000000000 1000000000 1000000000 1000000000 1000000000
24 2
41683343 383750655 256912161 657381744 725828145 258580948 726064475 161494595 240924873 897162067 55104689 881998250 756050204 991718093 909698182 180922793 557407640 291345893 249970630 10148199 648710226 365252064 658276008 292946926
39 1
1 1000000000 1 1000000000 17 22619537 1607521 665857 1000000000 3 131836323 1000000000 8119 47321 239 1000000000 7 3880899 54608393 1000000000 1000000000 1000000000 318281039 19601 9369319 1000000000 577 1000000000 1000000000 1000000000 114243 1000000000 1393 768398401 1000000000 99 3363 41 275807
9 2
1 1 1000000000 1 1 1000000000 1000000000 1000000000 1000000000
7 2
915398898 915398899 915398900 915398900 915398902 915398896 915398900
59 2
1 1 1 1000000000 1000000000 1000000000 1 1 1000000000 1000000000 1 1 1000000000 1000000000 1000000000 1000000000 1000000000 1 1000000000 1000000000 1 1 1000000000 1000000000 1 1000000000 1000000000 1 1 1 1000000000 1000000000 1000000000 1 1 1000000000 1 1 1 1 1 1000000000 1000000000 1000000000 1000000000 1 1000000000 1 1 1 1 1 1000000000 1000000000 1 1 1000000000 1000000000 1000000000
5 2
5 3 1 1 2
7 2
1 8 2 16 64 32 4
7 2
483563006 483563006 483563006 483563006 483563006 483563006 483563006
6 2
3 1 1 8 5 2
39 2
626213906 626213911 626213911 626213905 626213907 626213906 626213911 626213907 626213906 626213906 626213911 626213909 626213908 626213908 626213907 626213906 626213911 626213907 626213911 626213907 626213910 626213909 626213909 626213906 626213909 626213906 626213911 626213910 626213907 626213909 626213908 626213907 626213908 626213911 626213905 626213907 626213910 626213906 626213905
9 2
164521896 164521897 164521895 164521896 164521897 164521894 164521899 164521894 164521896
42 1
7 6 18 1 31 36 34 35 17 44 23 48 5 43 37 15 36 6 20 35 2 5 12 11 14 37 6 49 14 18 43 42 3 1 9 6 49 16 21 4 35 8
8 2
1 1 1000000000 1 1 1 1 1
31 1
128 65536 524288 16384 268435456 1048576 2 32768 536870912 131072 4096 16 536870912 512 33554432 2048 2097152 8192 256 16777216 8388608 32 64 4 1024 1 262144 67108864 134217728 4194304 8
2 2
1 2
6 2
3 7 17 1 1 41
70 2
536870912 536870912 536870912 16777216 536870912 32768 536870912 536870912 536870912 536870912 2048 16384 268435456 8192 536870912 536870912 536870912 67108864 1048576 33554432 536870912 536870912 1 134217728 128 536870912 536870912 32 536870912 524288 65536 536870912 536870912 8388608 512 536870912 131072 536870912 536870912 536870912 64 536870912 536870912 536870912 536870912 4 536870912 16 536870912 4194304 262144 536870912 536870912 536870912 1024 536870912 536870912 8 2097152 536870912 536870912 256 536870912 536870912 536870912 536870912 536870912 536870912 2 4096
5 2
890221182 890221180 890221184 890221186 890221183
53 2
1000000000 1000000000 1000000000 1000000000 1000000000 1000000000 1000000000 1000000000 1000000000 1000000000 1000000000 1000000000 1000000000 1000000000 1000000000 1000000000 1000000000 1000000000 1000000000 1000000000 1000000000 1000000000 1000000000 1000000000 1000000000 1000000000 1000000000 1000000000 1000000000 1000000000 1000000000 1000000000 1000000000 1000000000 1000000000 1000000000 1000000000 1000000000 1000000000 1000000000 1000000000 1000000000 1000000000 1000000000 1000000000 1000000000 1000000000 1000000000 1000000000 1000000000 1000000000 1000000000 1000000000
70 1
484965023 86333497 984226256 167993333 531296572 800931730 318036207 525203340 349221901 803401515 770692870 967640174 400173566 65279046 877639649 503710252 470925293 357402899 733322933 418964839 597217166 888138282 66779502 219150753 696045186 92387290 614507203 986294125 908506057 193131808 919934479 294055989 276148900 591991170 395965971 973569381 274885745 536287418 329454416 461638932 674965571 344639589 23446110 871084824 560330174 233577248 299595136 802376540 482453319 60382004 175898892 111310705 756142840 39999777 371332279 665259834 541223546 789714922 692315417 781219322 944346890 612394513 789642514 888519083 837585333 122859866 554865427 533450913 288066932 376414336
7 2
1000000000 1000000000 1000000000 1000000000 1000000000 1000000000 1000000000
3 2
1 1 1
7 2
99 3 1 1 17 41 7
17 2
1000000000 1000000000 1000000000 1000000000 1000000000 1000000000 1000000000 1000000000 1000000000 1000000000 1000000000 1000000000 1000000000 1000000000 1000000000 1000000000 1000000000
1 2
108944
2 2
4 578106031
9 2
497570613 807695211 126034531 367627746 165149206 623462071 345295478 501906709 462825430
9 2
1 1000000000 1000000000 1 1 1000000000 1000000000 1 1000000000
69 2
1000000000 1000000000 1000000000 1000000000 1000000000 1000000000 1 1000000000 1000000000 1000000000 1000000000 577 22619537 1393 7 1000000000 1000000000 1000000000 1000000000 1000000000 1000000000 1000000000 47321 1000000000 768398401 1000000000 3363 1000000000 1607521 318281039 1000000000 1000000000 8119 54608393 3 1000000000 1000000000 1000000000 1000000000 1000000000 1000000000 665857 9369319 1000000000 3880899 114243 1000000000 131836323 1 1000000000 1000000000 19601 1000000000 1000000000 1000000000 1000000000 239 1000000000 1000000000 17 1000000000 1000000000 1000000000 1000000000 41 99 1000000000 1000000000 275807
4 2
37524892 1029780 8 6
70 1
545773746 598874394 76330756 425311142 664148529 91560546 680211067 27790777 204625384 671597837 571557557 40108616 830412178 40586634 132308082 86754591 908913729 827849670 920894441 818493949 66564725 420140939 860465716 783650840 287940286 480835227 660482666 682568418 25338721 965869235 934738485 260788374 599637057 816617719 583653086 775959439 249914860 807400172 652715509 473312690 554980478 255775290 929410904 50368936 236060031 598673390 616798874 88310420 896462528 115006468 773340302 572238274 903123966 804493831 530820721 318590431 703740194 777095913 946560406 190265517 306384856 227613237 971485349 257708497 607372080 910249915 560678653 504306100 17208993 152647899
70 2
1 1 1 1 1 1 1 1 1 1 1 1 1 1 1 1 1 1 1 1 1 1 1 1 1 1 1 1 1 1 1 1 1 1 1 1 1 1 1 1 1 1 1 1 1 1 1 1 1 1 1 1 1 1 1 1 1 1 1 1 1 1 1 1 1 1 1 1 1 1
9 2
685056575 685056577 685056573 685056579 685056579 685056577 685056575 685056578 685056573
8 2
64 8 2 16 32 4 1 128
70 2
1 1000000000 1000000000 1 1000000000 1000000000 1 1 1000000000 1000000000 1000000000 1000000000 1 1 1 1 1 1000000000 1000000000 1 1 1 1000000000 1 1 1000000000 1000000000 1 1 1000000000 1 1000000000 1000000000 1000000000 1000000000 1000000000 1000000000 1000000000 1000000000 1 1 1000000000 1000000000 1000000000 1 1 1000000000 1 1000000000 1000000000 1000000000 1 1000000000 1000000000 1 1 1 1 1 1000000000 1 1 1000000000 1 1 1 1000000000 1 1 1000000000
70 1
73484901 73484901 73484901 73484901 73484901 73484901 73484901 73484901 73484901 73484901 73484901 73484901 73484901 73484901 73484901 73484901 73484901 73484901 73484901 73484901 73484901 73484901 73484901 73484901 73484901 73484901 73484901 73484901 73484901 73484901 73484901 73484901 73484901 73484901 73484901 73484901 73484901 73484901 73484901 73484901 73484901 73484901 73484901 73484901 73484901 73484901 73484901 73484901 73484901 73484901 73484901 73484901 73484901 73484901 73484901 73484901 73484901 73484901 73484901 73484901 73484901 73484901 73484901 73484901 73484901 73484901 73484901 73484901 73484901 73484901
4 2
1 1 1000000000 1
70 2
925422970 925422970 925422970 925422970 925422970 925422970 925422970 925422970 925422970 925422970 925422970 925422970 925422970 925422970 925422970 925422970 925422970 925422970 925422970 925422970 925422970 925422970 925422970 925422970 925422970 925422970 925422970 925422970 925422970 925422970 925422970 925422970 925422970 925422970 925422970 925422970 925422970 925422970 925422970 925422970 925422970 925422970 925422970 925422970 925422970 925422970 925422970 925422970 925422970 925422970 925422970 925422970 925422970 925422970 925422970 925422970 925422970 925422970 925422970 925422970 925422970 925422970 925422970 925422970 925422970 925422970 925422970 925422970 925422970 925422970
39 2
233 55 317811 8 34 610 46368 2584 9227465 17711 2178309 3524578 24157817 89 4181 21 14930352 3 63245986 1 39088169 13 5 5702887 10946 75025 6765 1597 514229 377 28657 144 1346269 1 987 196418 121393 2 832040
17 2
1 21 2 13 8 1 610 89 3 233 987 377 34 1597 5 144 55
69 2
1 1 1 1 1 1 1 1 1 1 1 1 1 1 1 1 1 1000000000 1 1 1 1 1 1 1 1 1 1 1 1 1 1 1 1 1 1 1 1 1 1 1 1 1 1 1 1 1 1 1 1 1 1 1 1 1 1 1 1 1 1 1 1 1 1 1 1 1 1 1
6 2
1000000000 1000000000 1000000000 1000000000 1000000000 1000000000
70 2
1 5432784 352230 13 15303641 376 8328 2 4140823 266 1087 67877667 5743 1 221 57761704 1 437 5011 1 568 1 1 198071 1 594880903 1 3749 1 469 13810 3321135 9 478635370 159317 1 4 85755 6 1444 64 43153 15498 34611 6971 302237191 669 186 609996 9444322 386756084 82 65 193089 1 40180954 6 9561003 54919 9070 6259 67699 5976 41945147 6432 120118407 35465 902 69 2032
37 2
3 1000000000 1000000000 9369319 19601 577 665857 17 768398401 22619537 1000000000 3880899 1393 1000000000 47321 1 99 1000000000 1000000000 1000000000 54608393 318281039 1 1000000000 41 7 114243 131836323 1000000000 8119 239 275807 1000000000 1000000000 3363 1607521 1000000000
9 2
1 1 1 1 1 1 1 1 1
10 2
642002883 642002884 642002886 642002884 642002884 642002888 642002882 642002885 642002883 642002884
4 2
1 2 8 4
29 2
4 8388608 4096 1024 2048 16 2097152 8 128 524288 268435456 262144 2 67108864 16777216 134217728 32 32768 64 16384 1 8192 33554432 1048576 256 65536 512 131072 4194304
4 2
859687 85 77 79
7 2
324477 282 783982354 2 11 889038 7
7 2
97565421 362828497 474323779 656345495 562835661 809007145 928269628
69 1
239 1000000000 8119 1000000000 1000000000 1000000000 1000000000 47321 1000000000 1000000000 1000000000 1000000000 1000000000 1000000000 1000000000 1000000000 131836323 1000000000 1000000000 275807 1000000000 1000000000 1000000000 1000000000 1000000000 1000000000 41 1000000000 9369319 1000000000 3880899 1000000000 1000000000 1607521 577 1000000000 1000000000 1000000000 665857 1000000000 1000000000 1000000000 1 1000000000 7 1000000000 1000000000 1000000000 318281039 1000000000 1393 99 22619537 768398401 3 3363 1 114243 1000000000 1000000000 54608393 1000000000 1000000000 19601 1000000000 17 1000000000 1000000000 1000000000
1 2
1
9 2
41 239 17 1 577 3 7 1 99
3 1
675871787 543456480 920698225
6 2
8 2 1 32 16 4
3 2
555225097 555225097 555225097
50 2
1000000000 1000000000 1000000000 1000000000 1000000000 1000000000 1000000000 1000000000 1000000000 1000000000 1000000000 1000000000 1000000000 1000000000 1000000000 1000000000 1000000000 1000000000 1000000000 1000000000 1000000000 1000000000 1000000000 1000000000 1000000000 1000000000 1000000000 1000000000 1000000000 1000000000 1000000000 1000000000 1000000000 1000000000 1000000000 1000000000 1000000000 1000000000 1000000000 1000000000 1000000000 1000000000 1000000000 1000000000 1000000000 1000000000 1000000000 1000000000 1000000000 1000000000
36 2
1000000000 1000000000 1000000000 1000000000 1000000000 1000000000 1000000000 1000000000 1000000000 1000000000 1000000000 1000000000 1000000000 1000000000 1000000000 1000000000 1000000000 1000000000 1000000000 1000000000 1000000000 1000000000 1000000000 1000000000 1000000000 1000000000 1000000000 1000000000 1000000000 1000000000 1000000000 1000000000 1000000000 1000000000 1000000000 1000000000
38 2
12 25 44 12 35 14 37 50 22 32 4 7 41 35 28 16 8 8 41 13 23 31 8 16 1 11 38 36 7 10 41 45 10 46 48 27 43 15
37 2
307837124 307837125 307837121 307837124 307837124 307837122 307837121 307837124 307837120 307837123 307837119 307837120 307837120 307837121 307837121 307837120 307837125 307837121 307837121 307837123 307837119 307837123 307837124 307837120 307837119 307837124 307837124 307837121 307837122 307837122 307837124 307837121 307837124 307837125 307837124 307837120 307837120
47 2
29 13 8 4 23 31 45 9 1 15 35 4 46 19 45 39 47 44 6 18 48 34 40 9 31 43 19 5 1 1 37 9 5 16 44 17 24 20 34 19 30 47 6 3 43 49 6
9 2
1 1 1 1000000000 1 1 1 1 1
8 2
1000000000 1000000000 1000000000 1000000000 1000000000 1000000000 1000000000 1000000000
70 1
180837106 965975765 948000394 8412076 91322759 298276538 461856964 731983389 803117210 709613699 383111269 172062181 339645812 381415756 557206404 913498965 66515054 427192985 162576880 947988276 739377048 850419361 581053739 452312018 750810657 840134005 964685627 111075944 257873071 596895186 581549130 335550495 795432461 864715527 369941446 40151526 864336658 59991216 890163431 349208139 328626308 171257078 669731897 528773769 692134904 846911288 411255090 943937397 247427663 662095283 320666911 376678055 401788309 5418691 103959300 823505885 363708614 792361140 556492621 143464854 730171659 528358580 878434719 887148124 262475425 711725735 339468586 776873046 335184863 677193589
70 2
1 1 1 1 1 1 1 1 1 1 1 1 1 1 1 1 1 1 1 1 1 1 1 1 1 1 1 1 1 1 1 1 1 1 1 1 1 1 1 1 1 1 1 1 1 1 1 1 1 1 1 1 1 1 1 1 1 1 1 1 1 1 1 1 1 1 1 1 1 1
2 2
1 2
2 2
851541541 375821602
45 2
1 536870912 2 131072 536870912 536870912 8 536870912 536870912 512 1024 536870912 262144 4096 2097152 32768 1048576 8388608 67108864 536870912 536870912 134217728 524288 16384 16777216 536870912 2048 16 64 65536 536870912 268435456 4194304 536870912 536870912 256 4 8192 536870912 536870912 128 536870912 33554432 32 536870912
4 2
1 1000000000 1 1000000000
9 2
1 1 1 1 1000000000 1000000000 1000000000 1000000000 1000000000
2 2
36 39
70 2
326553 326553 326552 326553 326553 326556 326553 326553 326553 326555 326555 326556 326552 326554 326552 326558 326558 326555 326552 326555 326553 326555 326558 326552 326558 326553 326555 326554 326557 326556 326558 326556 326558 326554 326553 326558 326553 326552 326556 326557 326555 326557 326554 326553 326552 326557 326558 326554 326554 326555 326553 326552 326556 326558 326552 326558 326558 326555 326555 326552 326554 326552 326556 326555 326556 326557 326554 326554 326552 326552
4 2
434430768 370520908 830087770 244232115
6 2
1 1000000000 1 1 1000000000 1000000000
9 2
1000000000 1000000000 1 1 1 1 1000000000 1000000000 1000000000
4 2
44 28 34 46
9 2
1 1 1 1 1 1 1 1 1
29 2
1 1 1000000000 1 1 1 1 1 1 1 1 1 1 1 1 1 1 1 1 1 1 1 1 1 1 1 1 1 1
70 2
1000000000 1000000000 1 1000000000 1 1 1 1 1000000000 1 1 1000000000 1 1000000000 1000000000 1 1 1 1 1 1 1 1000000000 1 1000000000 1 1000000000 1000000000 1000000000 1 1 1 1000000000 1 1000000000 1 1 1000000000 1 1000000000 1000000000 1000000000 1000000000 1000000000 1 1000000000 1 1 1 1 1000000000 1000000000 1000000000 1000000000 1000000000 1000000000 1000000000 1 1 1000000000 1 1000000000 1 1000000000 1 1000000000 1 1000000000 1000000000 1000000000
7 1
1 1 1 1 1 1 1
69 2
1000000000 1000000000 1000000000 1000000000 1000000000 1000000000 1000000000 1000000000 1000000000 1000000000 1000000000 1000000000 1000000000 1000000000 1000000000 1000000000 1000000000 1000000000 1000000000 1000000000 1000000000 1000000000 1000000000 1000000000 1000000000 1000000000 1000000000 1000000000 1000000000 1000000000 1000000000 1000000000 1000000000 1000000000 1000000000 1000000000 1000000000 1000000000 1000000000 1000000000 1000000000 1000000000 1000000000 1000000000 1000000000 1000000000 1000000000 1000000000 1000000000 1000000000 1000000000 1000000000 1000000000 1000000000 1000000000 1000000000 1000000000 1000000000 1000000000 1000000000 1000000000 1000000000 1000000000 1000000000 1000000000 1000000000 1000000000 1000000000 1000000000
41 2
31 44 49 15 10 50 25 5 28 12 30 27 7 40 5 5 18 43 50 33 11 11 7 20 41 1 7 8 3 16 49 32 15 24 47 38 33 49 34 4 40
70 2
42 24 45 28 19 31 46 41 48 38 8 1 20 17 39 19 27 30 1 15 42 28 26 9 2 23 31 38 2 26 37 11 2 49 17 17 43 19 10 20 36 1 15 19 40 20 40 33 40 8 20 47 40 32 7 37 39 34 22 43 50 25 11 18 23 24 34 47 50 15
20 1
556174302 556174302 556174302 556174302 556174302 556174302 556174302 556174302 556174302 556174302 556174302 556174302 556174302 556174302 556174302 556174302 556174302 556174302 556174302 556174302
