100
52008764
1103
4709323029904
6139543875
35195796933020689
730716260032020
93490931896
6476658
606240618723440097
2220219789919662
58824835260653
911704
718534
8020
458653982579
7546
7125416944370412
4710535721298027
33792460
41324
4641099541
364525682512121818
234567838351928
6777431479766700
7926
9125723754980
74166585055375886
209430393
23758299
81949818208620
71820685156091842
57642824444
36176245304963450
4159198901030
64107732359
607806532337170057
19742993
63063040606345
847354
4306
4195151198697
3140389704189
878675097473555940
698920225160003006
841349535211
882790771641
674807093966879136
7519559656
729410111171
8801429
876704440632173
634217596
125531392976113
36405862084848063
740460623447434914
2688621173114245
5103460728
26622633
28574
5893
73315795161
458602174280
26508
48052930891
2880282903080
97329829987
2117187921315060
587786896893974776
3751084028
7464
53865
9530139767926
82067070052508589
824232338
84972113564882747
2097631100087
220206877029944924
5298207972
890996180744
197596117
1010650229944
1438548027
180985
45532714737366
871167768105947298
7917571170
665089997760
43052215888
1442585
5548423334
8034519049
66998030351424123
3544
8199191144
169033214
1258860437
94927466094221981
56260399
2434502360288
3278
