20
3 333
vvvvvvvvvvvvvvvvvvvvvvvvvvvvvvvvvvvvvvvvvvvvvvvvvvvvvvvvvvvvvvvvvvvvvvvvvvvvvvvvvvvvvvvvvvvvvvvvvvvvvvvvvvvvvvvvvvvvvvvvvvvvvvvvvvvvvvvvvvvvvvvvvvvvvvvvvvvvvvvvvvvvvvvvvvvvvvvvvvvvvvvvvvvvvvvvvvvvvvvvvvvvvvvvvvvvvvvvvvvvvvvvvvvvvvvvvvvvvvvvvvvvvvvvvvvvvvvvvvvvvvvvvvvvvvvvvvvvvvvvvvvvvvvvvvvvvvvvvvvvvvvvvvvvvvvvvvvvvvvvvvvvvvvvvvvvv
>><<<><<<<><<<>><<<<><<<>><<<<<>><<<><<<<><<<><<<<><<<>>>>>><<<<>>>>>><<<<<<<<<><<<<>><<<<<>><<<<><<<>>><<<><<<><<<>><<<>><<<><<<<<>><<<<><<<><<<><<<<>><<<<><<<>><<<<<><<<<<<><<<<>>><<<<<<<<><<<>><<<>><<<<>>><<<<<><<<<<>><<<><<<><<<><<<><<<<<>><<<><<<>><<<><<<>><<<<><<<>><<<<><<<<<<><<<><<<><<<>><<<<<<><<<<><<<><<<><<<>><<<<>><<<<>
^^^^^^^^^^^^^^^^^^^^^^^^^^^^^^^^^^^^^^^^^^^^^^^^^^^^^^^^^^^^^^^^^^^^^^^^^^^^^^^^^^^^^^^^^^^^^^^^^^^^^^^^^^^^^^^^^^^^^^^^^^^^^^^^^^^^^^^^^^^^^^^^^^^^^^^^^^^^^^^^^^^^^^^^^^^^^^^^^^^^^^^^^^^^^^^^^^^^^^^^^^^^^^^^^^^^^^^^^^^^^^^^^^^^^^^^^^^^^^^^^^^^^^^^^^^^^^^^^^^^^^^^^^^^^^^^^^^^^^^^^^^^^^^^^^^^^^^^^^^^^^^^^^^^^^^^^^^^^^^^^^^^^^^^^^^^^
0 0 0 0 0 0 0 1 0 0 0 0 0 0 0 0 0 0 0 0 0 0 0 0 0 0 0 0 0 0 0 0 0 0 0 0 0 0 0 0 0 0 0 0 0 0 0 0 0 0 0 0 0 0 0 0 0 0 0 0 0 0 0 0 0 0 0 0 0 0 0 0 0 0 0 0 0 0 0 0 0 0 0 0 0 0 1 0 0 0 0 0 0 0 0 0 0 0 0 0 0 0 0 0 0 0 0 0 0 0 0 0 0 0 0 0 0 0 0 0 0 0 0 0 0 1 0 0 0 0 0 0 0 0 0 0 0 0 0 0 0 0 0 0 0 0 0 0 0 0 0 0 0 0 0 1 0 0 0 0 0 0 0 0 0 0 0 0 0 0 0 0 0 0 0 0 0 0 0 0 0 0 0 0 0 0 0 0 0 0 0 0 0 0 0 0 0 0 0 0 0 0 0 0 0 0 0 0 0 0 0 0 0 0 0 0 0 0 0 0 0 0 0 0 0 0 0 0 0 0 0 0 0 0 0 0 0 0 0 0 0 0 0 0 0 0 0 0 0 0 0 0 0 0 0 0 0 0 0 0 0 0 0 0 0 0 0 0 0 0 0 0 0 0 0 0 0 0 0 0 0 0 0 0 0 0 0 0 0 0 0 0 0 0 0 0 0 0 0 0 0 0 0 0 0 0 1 0 0 0 0 0 0 0 0 0 0 0 0 0 0 0 0 0 0 0 0 0 0 0 0 0 0
1 1 1 1 1 1 1 1 1 1 1 1 1 1 1 1 1 1 1 1 1 1 1 1 1 1 1 1 1 1 1 1 1 1 1 1 1 1 1 1 1 1 1 1 1 1 1 1 1 1 1 1 1 1 1 1 1 1 1 1 1 1 1 1 1 1 1 1 1 1 1 1 1 1 1 1 1 1 1 1 1 1 1 1 1 1 1 1 1 1 1 1 1 1 1 1 1 1 1 1 1 1 1 1 1 1 1 1 1 1 1 1 1 1 1 1 1 1 1 1 1 1 1 1 1 1 1 1 1 1 1 1 1 1 1 1 1 1 1 1 1 1 1 1 1 1 1 1 1 1 1 1 1 1 1 1 1 1 1 1 1 1 1 1 1 1 1 1 1 1 1 1 1 1 1 1 1 1 1 1 1 1 1 1 1 1 1 1 1 1 1 1 1 1 1 1 1 1 1 1 1 1 1 1 1 1 1 1 1 1 1 1 1 1 1 1 1 1 1 1 1 1 1 1 1 1 1 1 1 1 1 1 1 1 1 1 1 1 1 1 1 1 1 1 1 1 1 1 1 1 1 1 1 1 1 1 1 1 1 1 1 1 1 1 1 1 1 1 1 1 1 1 1 1 1 1 1 1 1 1 1 1 1 1 1 1 1 1 1 1 1 1 1 1 1 1 1 1 1 1 1 1 1 1 1 1 1 1 1 1 1 1 1 1 1 1 1 1 1 1 1 1 1 1 1 1 1 1 1 1 1 1 1
0 0 0 0 0 0 0 0 0 0 0 0 0 0 0 0 0 0 0 0 0 0 0 0 0 0 0 0 0 0 0 0 0 0 0 0 0 0 0 0 0 0 0 0 0 0 0 0 0 0 0 0 0 0 0 0 0 0 1 0 0 0 0 0 0 0 0 0 0 0 0 0 0 0 0 0 0 0 0 0 0 0 0 0 0 1 0 0 0 0 0 0 0 0 0 0 0 0 0 0 0 0 0 0 0 0 0 0 0 0 0 0 0 0 0 0 0 0 0 0 0 0 0 0 0 0 0 0 0 0 0 0 0 0 0 0 0 0 0 0 0 0 0 0 0 0 0 0 0 0 0 0 0 0 0 0 0 0 0 0 0 0 0 0 0 0 0 0 0 0 0 0 0 0 0 0 0 0 0 0 0 0 0 0 0 0 0 0 0 0 0 0 0 0 0 0 0 0 0 0 0 0 0 0 0 0 0 0 0 0 0 0 0 0 0 0 0 0 0 0 0 0 0 0 0 0 0 0 0 0 0 0 0 0 0 0 0 1 0 0 0 0 0 0 0 0 0 0 0 0 0 0 0 0 0 0 0 0 0 0 0 0 0 0 0 0 0 0 0 0 0 0 0 0 0 1 0 0 0 0 0 0 0 0 0 0 0 1 0 0 0 0 0 0 0 0 0 0 0 0 0 0 0 0 0 0 0 0 0 0 0 0 0 0 0 0 0 0 0 0 0 0 0 0 0 0 0 0 0 0 0 0 0
333 3
>v<
>v<
>v<
>^<
>^<
>^<
>^<
>^<
>^<
>v<
>v<
>v<
>v<
>v<
>v<
>v<
>v<
>v<
>v<
>v<
>^<
>^<
>^<
>^<
>^<
>^<
>^<
>^<
>^<
>^<
>^<
>^<
>^<
>^<
>^<
>v<
>v<
>v<
>^<
>^<
>^<
>^<
>^<
>^<
>v<
>v<
>^<
>^<
>^<
>^<
>^<
>^<
>^<
>^<
>v<
>v<
>v<
>^<
>^<
>^<
>^<
>^<
>^<
>^<
>^<
>^<
>^<
>^<
>v<
>v<
>v<
>^<
>^<
>^<
>^<
>v<
>v<
>v<
>v<
>v<
>v<
>v<
>v<
>v<
>v<
>v<
>v<
>^<
>^<
>^<
>^<
>^<
>^<
>^<
>^<
>^<
>^<
>^<
>v<
>v<
>v<
>^<
>^<
>^<
>^<
>^<
>^<
>^<
>^<
>^<
>^<
>^<
>^<
>v<
>v<
>v<
>v<
>v<
>v<
>v<
>^<
>^<
>^<
>^<
>^<
>^<
>^<
>^<
>^<
>^<
>^<
>v<
>v<
>v<
>v<
>v<
>v<
>^<
>^<
>^<
>^<
>^<
>^<
>^<
>^<
>^<
>^<
>^<
>^<
>v<
>v<
>v<
>^<
>^<
>^<
>^<
>^<
>^<
>^<
>^<
>^<
>v<
>v<
>v<
>v<
>v<
>^<
>^<
>^<
>^<
>^<
>v<
>v<
>^<
>^<
>^<
>v<
>v<
>^<
>^<
>^<
>^<
>^<
>^<
>^<
>^<
>^<
>^<
>^<
>v<
>v<
>^<
>^<
>^<
>^<
>^<
>^<
>v<
>v<
>v<
>v<
>v<
>v<
>v<
>^<
>^<
>^<
>^<
>^<
>^<
>^<
>^<
>^<
>^<
>^<
>^<
>v<
>v<
>^<
>^<
>^<
>^<
>^<
>^<
>^<
>v<
>v<
>v<
>v<
>v<
>v<
>v<
>v<
>v<
>v<
>v<
>v<
>^<
>^<
>^<
>^<
>^<
>^<
>^<
>^<
>^<
>^<
>^<
>^<
>^<
>^<
>^<
>^<
>^<
>^<
>^<
>^<
>^<
>^<
>^<
>v<
>v<
>v<
>v<
>v<
>v<
>^<
>^<
>^<
>^<
>^<
>^<
>^<
>^<
>^<
>^<
>^<
>^<
>^<
>^<
>^<
>^<
>^<
>^<
>^<
>^<
>^<
>^<
>^<
>^<
>^<
>^<
>v<
>v<
>v<
>v<
>v<
>^<
>^<
>^<
>^<
>^<
>^<
>^<
>^<
>^<
>^<
>^<
>^<
>^<
>^<
>v<
>v<
>^<
>^<
>^<
>^<
>^<
>^<
>^<
>^<
>^<
>^<
>^<
>^<
>^<
>^<
>^<
>^<
>v<
>v<
>v<
>^<
0 1 0
0 1 0
0 1 0
0 1 0
0 1 0
0 1 0
0 1 0
0 1 0
0 1 0
0 1 0
0 1 0
0 1 0
0 1 0
0 1 0
0 1 0
0 1 0
0 1 0
0 1 0
0 1 0
0 1 0
0 1 0
0 1 0
0 1 0
0 1 0
0 1 0
0 1 0
0 1 0
0 1 0
0 1 0
0 1 0
0 1 0
0 1 0
0 1 0
0 1 0
0 1 0
0 1 0
0 1 0
0 1 0
0 1 0
0 1 0
0 1 0
0 1 0
0 1 0
0 1 0
0 1 0
0 1 0
0 1 0
0 1 0
0 1 0
0 1 0
0 1 0
0 1 0
0 1 0
0 1 0
0 1 0
0 1 0
0 1 0
0 1 0
0 1 0
0 1 0
0 1 0
0 1 0
0 1 0
0 1 0
0 1 1
0 1 0
0 1 0
0 1 0
0 1 0
0 1 0
0 1 0
0 1 0
0 1 0
0 1 0
0 1 0
0 1 0
0 1 0
0 1 0
0 1 0
0 1 0
0 1 0
0 1 0
0 1 0
0 1 0
0 1 0
0 1 0
0 1 0
0 1 0
0 1 0
0 1 0
0 1 0
0 1 0
0 1 0
0 1 0
0 1 0
0 1 0
0 1 0
0 1 0
0 1 0
0 1 0
0 1 0
0 1 0
0 1 0
0 1 0
0 1 0
0 1 0
0 1 0
0 1 0
0 1 0
0 1 0
0 1 0
0 1 0
0 1 0
0 1 0
0 1 0
0 1 0
0 1 1
0 1 0
0 1 1
0 1 0
0 1 0
0 1 0
0 1 0
0 1 0
0 1 0
0 1 0
0 1 0
0 1 0
0 1 0
0 1 0
0 1 0
0 1 0
0 1 0
0 1 0
0 1 0
0 1 0
0 1 0
0 1 0
0 1 0
0 1 0
0 1 0
0 1 0
0 1 0
0 1 0
0 1 0
0 1 0
0 1 0
0 1 0
0 1 0
0 1 0
0 1 0
0 1 0
0 1 0
0 1 0
0 1 0
0 1 0
0 1 0
0 1 0
0 1 0
0 1 0
0 1 0
0 1 0
0 1 0
0 1 0
0 1 0
0 1 0
0 1 0
0 1 0
0 1 0
0 1 0
0 1 0
0 1 0
0 1 0
0 1 0
0 1 0
0 1 0
0 1 0
0 1 0
0 1 0
0 1 0
0 1 0
0 1 0
0 1 0
0 1 0
0 1 0
0 1 0
0 1 0
0 1 0
0 1 0
0 1 0
0 1 0
0 1 0
0 1 0
0 1 0
0 1 0
0 1 0
0 1 0
0 1 0
0 1 0
0 1 0
0 1 0
0 1 0
0 1 0
0 1 0
0 1 0
0 1 0
0 1 0
0 1 0
0 1 0
0 1 1
0 1 0
0 1 0
0 1 0
0 1 0
0 1 0
0 1 0
0 1 0
0 1 0
0 1 0
0 1 0
0 1 0
0 1 0
0 1 0
0 1 1
0 1 0
0 1 0
0 1 0
0 1 0
0 1 0
0 1 0
0 1 0
0 1 0
0 1 0
0 1 0
0 1 0
0 1 0
0 1 0
0 1 0
0 1 0
0 1 0
0 1 0
0 1 0
0 1 0
0 1 0
0 1 0
0 1 0
0 1 0
0 1 0
0 1 0
0 1 0
0 1 0
0 1 0
0 1 0
0 1 0
0 1 0
0 1 0
0 1 0
0 1 0
0 1 0
0 1 0
0 1 0
0 1 0
0 1 0
0 1 0
0 1 0
0 1 0
0 1 0
0 1 0
0 1 0
0 1 0
0 1 0
0 1 0
0 1 0
0 1 0
0 1 0
0 1 0
0 1 0
0 1 0
0 1 0
0 1 0
0 1 0
0 1 0
0 1 0
0 1 0
0 1 0
0 1 0
0 1 0
0 1 0
0 1 0
0 1 0
0 1 0
0 1 0
0 1 0
0 1 0
0 1 0
0 1 0
0 1 0
0 1 0
0 1 0
0 1 0
0 1 0
0 1 0
0 1 0
0 1 0
0 1 0
0 1 0
0 1 0
0 1 0
0 1 0
0 1 0
0 1 0
0 1 0
0 1 0
0 1 0
0 1 0
0 1 0
0 1 0
0 1 0
0 1 0
0 1 0
0 1 0
0 1 0
0 1 0
0 1 0
0 1 0
0 1 0
0 1 0
0 1 0
0 1 0
0 1 0
0 1 0
0 1 0
0 1 0
3 333
vvvvvvvvvvvvvvvvvvvvvvvvvvvvvvvvvvvvvvvvvvvvvvvvvvvvvvvvvvvvvvvvvvvvvvvvvvvvvvvvvvvvvvvvvvvvvvvvvvvvvvvvvvvvvvvvvvvvvvvvvvvvvvvvvvvvvvvvvvvvvvvvvvvvvvvvvvvvvvvvvvvvvvvvvvvvvvvvvvvvvvvvvvvvvvvvvvvvvvvvvvvvvvvvvvvvvvvvvvvvvvvvvvvvvvvvvvvvvvvvvvvvvvvvvvvvvvvvvvvvvvvvvvvvvvvvvvvvvvvvvvvvvvvvvvvvvvvvvvvvvvvvvvvvvvvvvvvvvvvvvvvvvvvvvvvvv
><<<>><<<>>>>>><<<>>><<<<>>><<<<<<<>><<<>>>>>><<<<>>>>><<<<><<<><<<><<<>>><<<>>>>><<<<<>><<<>>><<<<>><<<<>>>>>>><<<<<<>>>><<<<<>>>>>>>>>>>><<<<>><<<>><<<<>>>>><<<<>><<<>><<<>><<<>>><<<>>><<<><<<>><<<>><<<<>>>>><<<<<>><<<>>>><<<>>>><<<><<<><<<<<>>>><<<><<<<>>>><<<<<<>><<<<>>>>>>>><<<<<<<<>>>><<<<><<<>>>>>><<<<><<<>>>>>>>>>>><<<<<>>>
^^^^^^^^^^^^^^^^^^^^^^^^^^^^^^^^^^^^^^^^^^^^^^^^^^^^^^^^^^^^^^^^^^^^^^^^^^^^^^^^^^^^^^^^^^^^^^^^^^^^^^^^^^^^^^^^^^^^^^^^^^^^^^^^^^^^^^^^^^^^^^^^^^^^^^^^^^^^^^^^^^^^^^^^^^^^^^^^^^^^^^^^^^^^^^^^^^^^^^^^^^^^^^^^^^^^^^^^^^^^^^^^^^^^^^^^^^^^^^^^^^^^^^^^^^^^^^^^^^^^^^^^^^^^^^^^^^^^^^^^^^^^^^^^^^^^^^^^^^^^^^^^^^^^^^^^^^^^^^^^^^^^^^^^^^^^^
0 0 0 0 0 0 0 0 0 0 0 0 0 0 0 0 0 0 0 0 0 0 0 0 0 0 0 0 0 0 0 0 0 0 0 0 0 0 0 0 0 0 0 0 0 0 0 0 0 0 0 0 0 0 0 0 0 0 0 0 0 0 0 0 0 0 0 0 0 0 0 0 0 0 0 0 0 0 0 0 0 0 0 0 1 0 0 0 0 0 0 0 0 0 0 0 0 0 0 0 0 0 0 0 0 0 0 0 0 0 0 0 0 0 0 0 0 0 0 0 0 0 0 0 0 0 0 0 0 0 0 0 0 0 0 0 0 0 0 0 0 0 0 0 0 0 0 0 0 0 0 0 0 0 0 0 0 0 0 0 0 0 0 0 0 0 0 0 0 0 0 0 0 0 0 0 0 0 0 0 0 0 0 0 0 0 0 0 0 0 0 0 0 0 0 0 0 0 0 0 0 0 0 0 0 0 0 0 0 0 0 0 0 0 0 0 0 0 0 0 0 0 0 0 0 0 0 0 0 0 0 0 0 0 0 0 0 0 0 0 0 0 0 0 0 0 0 0 0 0 0 0 0 0 0 0 0 0 0 0 0 0 0 0 0 0 0 0 0 0 0 0 0 0 0 0 0 0 0 0 0 0 0 0 0 0 0 0 0 0 0 0 0 0 0 0 0 0 0 0 0 0 0 0 0 0 0 0 0 0 0 0 0 0 0 0 0 0 0 0 0 0 0 0 0 0 0 0 0 0 0 0 0
1 1 1 1 1 1 1 1 1 1 1 1 1 1 1 1 1 1 1 1 1 1 1 1 1 1 1 1 1 1 1 1 1 1 1 1 1 1 1 1 1 1 1 1 1 1 1 1 1 1 1 1 1 1 1 1 1 1 1 1 1 1 1 1 1 1 1 1 1 1 1 1 1 1 1 1 1 1 1 1 1 1 1 1 1 1 1 1 1 1 1 1 1 1 1 1 1 1 1 1 1 1 1 1 1 1 1 1 1 1 1 1 1 1 1 1 1 1 1 1 1 1 1 1 1 1 1 1 1 1 1 1 1 1 1 1 1 1 1 1 1 1 1 1 1 1 1 1 1 1 1 1 1 1 1 1 1 1 1 1 1 1 1 1 1 1 1 1 1 1 1 1 1 1 1 1 1 1 1 1 1 1 1 1 1 1 1 1 1 1 1 1 1 1 1 1 1 1 1 1 1 1 1 1 1 1 1 1 1 1 1 1 1 1 1 1 1 1 1 1 1 1 1 1 1 1 1 1 1 1 1 1 1 1 1 1 1 1 1 1 1 1 1 1 1 1 1 1 1 1 1 1 1 1 1 1 1 1 1 1 1 1 1 1 1 1 1 1 1 1 1 1 1 1 1 1 1 1 1 1 1 1 1 1 1 1 1 1 1 1 1 1 1 1 1 1 1 1 1 1 1 1 1 1 1 1 1 1 1 1 1 1 1 1 1 1 1 1 1 1 1 1 1 1 1 1 1 1 1 1 1 1 1
0 0 0 0 0 0 0 0 0 0 0 0 0 0 0 0 0 0 0 0 0 0 0 0 0 0 0 0 0 0 0 0 0 0 0 0 0 0 0 0 0 0 0 0 0 0 0 0 0 0 0 0 0 0 0 0 0 0 0 0 0 0 0 0 0 0 0 0 0 0 0 0 0 0 0 0 0 0 0 0 0 0 0 0 0 0 0 0 0 0 0 0 0 0 0 0 0 0 0 0 0 0 0 0 0 0 0 0 0 0 0 0 0 0 0 0 0 0 0 0 0 0 0 0 0 0 0 0 0 0 0 0 0 0 0 0 0 0 0 0 0 0 0 0 0 0 0 0 0 0 0 0 0 0 0 0 0 1 0 0 0 0 0 0 0 0 0 0 0 0 0 0 0 0 0 0 0 0 0 0 0 0 0 0 0 0 0 0 0 0 0 0 0 0 0 0 0 0 0 0 0 0 0 0 0 0 0 0 0 0 0 0 0 0 0 0 0 0 0 0 0 0 0 0 0 0 0 0 0 0 0 0 0 0 0 0 0 0 0 0 0 0 0 0 0 0 0 0 0 0 0 0 0 0 0 0 0 0 0 0 0 0 0 0 0 0 0 0 0 0 0 0 0 0 0 0 0 0 0 0 0 0 0 0 0 0 0 0 0 0 0 0 0 0 0 0 0 0 0 0 0 0 0 0 0 0 0 0 0 0 0 0 0 0 0 0 0 0 0 0 0 0 0 0 0 0 0 0 0 0 0 0 0
6 5
>>>>v
v>>vv
v^v^v
v^^^v
v>>^v
>>><<
1 1 1 1 1
1 1 1 1 1
1 1 1 1 1
1 1 1 1 1
1 1 1 1 1
1 1 1 1 1
333 3
>v<
>v<
>v<
>^<
>^<
>^<
>^<
>^<
>^<
>^<
>^<
>v<
>^<
>^<
>^<
>^<
>v<
>v<
>^<
>^<
>^<
>^<
>^<
>^<
>v<
>v<
>^<
>^<
>^<
>^<
>^<
>^<
>v<
>v<
>v<
>v<
>v<
>^<
>^<
>^<
>^<
>^<
>^<
>^<
>v<
>v<
>v<
>^<
>^<
>^<
>v<
>^<
>^<
>^<
>v<
>v<
>v<
>v<
>v<
>v<
>v<
>^<
>^<
>^<
>^<
>^<
>^<
>^<
>^<
>^<
>v<
>v<
>v<
>v<
>v<
>v<
>v<
>v<
>^<
>^<
>^<
>^<
>^<
>^<
>^<
>v<
>v<
>v<
>^<
>^<
>^<
>^<
>^<
>^<
>^<
>v<
>v<
>v<
>v<
>^<
>^<
>^<
>^<
>v<
>v<
>v<
>v<
>v<
>^<
>^<
>^<
>^<
>^<
>v<
>v<
>v<
>^<
>^<
>^<
>^<
>^<
>^<
>v<
>v<
>v<
>^<
>^<
>^<
>^<
>^<
>^<
>^<
>^<
>^<
>v<
>v<
>v<
>v<
>v<
>^<
>^<
>^<
>^<
>^<
>^<
>^<
>^<
>v<
>v<
>v<
>v<
>^<
>^<
>^<
>^<
>^<
>^<
>v<
>v<
>^<
>^<
>^<
>^<
>^<
>^<
>v<
>v<
>v<
>v<
>^<
>^<
>^<
>^<
>v<
>v<
>v<
>v<
>^<
>^<
>^<
>^<
>^<
>^<
>^<
>^<
>^<
>v<
>v<
>v<
>v<
>v<
>v<
>^<
>^<
>^<
>^<
>^<
>^<
>v<
>v<
>v<
>v<
>v<
>v<
>^<
>^<
>^<
>^<
>^<
>^<
>^<
>^<
>^<
>^<
>v<
>^<
>^<
>^<
>^<
>^<
>v<
>v<
>v<
>^<
>^<
>^<
>^<
>^<
>v<
>v<
>v<
>v<
>^<
>^<
>^<
>^<
>^<
>^<
>^<
>^<
>v<
>v<
>v<
>^<
>^<
>^<
>^<
>^<
>v<
>v<
>v<
>^<
>^<
>^<
>^<
>v<
>v<
>v<
>^<
>^<
>^<
>^<
>^<
>^<
>^<
>^<
>^<
>^<
>^<
>v<
>^<
>^<
>^<
>v<
>v<
>v<
>v<
>^<
>^<
>^<
>^<
>^<
>^<
>v<
>v<
>v<
>v<
>v<
>v<
>^<
>^<
>^<
>^<
>^<
>^<
>^<
>v<
>^<
>^<
>^<
>^<
>^<
>^<
>^<
>v<
>v<
>v<
>v<
>^<
>^<
>^<
>^<
>^<
>^<
>^<
>^<
>^<
>^<
>^<
>v<
>v<
>v<
>v<
>v<
>v<
>^<
>^<
>^<
>v<
>v<
>v<
>v<
>v<
0 1 0
0 1 0
0 1 0
0 1 0
0 1 0
0 1 0
0 1 0
0 1 0
1 1 0
0 1 0
0 1 0
0 1 0
0 1 0
0 1 0
0 1 0
0 1 0
0 1 0
0 1 0
1 1 0
0 1 0
0 1 0
0 1 0
0 1 1
0 1 0
0 1 0
0 1 0
0 1 0
0 1 0
0 1 0
1 1 0
0 1 0
0 1 0
0 1 1
0 1 0
0 1 0
0 1 0
0 1 0
0 1 0
0 1 0
0 1 0
0 1 0
0 1 0
0 1 0
0 1 0
0 1 0
0 1 0
0 1 1
0 1 0
0 1 0
0 1 0
0 1 0
0 1 0
0 1 0
0 1 1
0 1 0
0 1 0
0 1 0
0 1 0
0 1 0
0 1 0
0 1 0
0 1 0
0 1 0
0 1 0
0 1 0
0 1 0
0 1 0
1 1 0
0 1 0
0 1 0
0 1 0
0 1 1
0 1 0
0 1 1
0 1 0
0 1 0
0 1 0
0 1 0
0 1 0
1 1 1
0 1 0
0 1 0
0 1 0
0 1 0
0 1 0
0 1 1
1 1 0
0 1 0
0 1 0
0 1 0
0 1 0
0 1 0
0 1 0
0 1 0
0 1 0
0 1 0
0 1 0
0 1 0
0 1 0
0 1 0
0 1 0
0 1 0
0 1 0
0 1 1
0 1 0
0 1 0
0 1 0
0 1 0
0 1 0
0 1 0
0 1 0
0 1 0
0 1 0
0 1 0
0 1 1
0 1 0
0 1 0
1 1 0
1 1 0
0 1 0
0 1 0
0 1 0
0 1 0
0 1 0
0 1 0
0 1 0
1 1 0
0 1 0
1 1 0
0 1 0
0 1 0
1 1 0
0 1 0
0 1 0
0 1 0
0 1 0
0 1 0
0 1 0
0 1 0
0 1 0
0 1 0
0 1 0
0 1 0
0 1 0
0 1 0
0 1 0
0 1 0
0 1 0
0 1 1
0 1 0
0 1 0
0 1 0
0 1 0
0 1 0
0 1 0
0 1 0
0 1 0
0 1 0
0 1 1
1 1 0
0 1 1
0 1 0
0 1 0
0 1 0
0 1 0
1 1 0
0 1 0
0 1 0
0 1 0
0 1 0
0 1 0
0 1 0
0 1 0
0 1 0
0 1 0
0 1 0
0 1 0
0 1 0
0 1 0
0 1 0
0 1 0
0 1 0
0 1 0
0 1 0
1 1 0
0 1 0
0 1 0
0 1 0
0 1 0
1 1 1
0 1 0
0 1 0
1 1 0
0 1 0
0 1 0
0 1 0
0 1 0
0 1 1
0 1 0
0 1 0
0 1 0
1 1 0
0 1 0
0 1 0
0 1 0
0 1 0
0 1 0
0 1 0
0 1 0
0 1 0
0 1 0
0 1 1
0 1 0
0 1 0
0 1 0
0 1 0
0 1 0
1 1 0
1 1 0
0 1 0
0 1 1
0 1 1
1 1 0
0 1 0
0 1 0
0 1 0
0 1 0
0 1 1
1 1 0
0 1 0
0 1 0
0 1 0
0 1 0
0 1 0
0 1 0
0 1 0
0 1 1
0 1 0
0 1 0
0 1 0
0 1 0
0 1 0
0 1 0
0 1 0
0 1 0
1 1 0
1 1 0
0 1 0
0 1 0
0 1 0
0 1 0
0 1 0
0 1 0
0 1 0
0 1 0
0 1 0
0 1 0
0 1 0
0 1 0
0 1 0
0 1 0
0 1 0
0 1 0
0 1 0
0 1 0
0 1 0
0 1 0
0 1 0
0 1 0
0 1 0
0 1 0
0 1 0
0 1 0
0 1 0
0 1 0
0 1 0
0 1 0
0 1 0
0 1 1
0 1 0
0 1 0
0 1 0
1 1 0
0 1 0
1 1 0
0 1 0
0 1 0
0 1 0
0 1 0
0 1 0
0 1 0
0 1 0
0 1 0
0 1 0
0 1 0
0 1 0
0 1 0
0 1 0
0 1 0
0 1 0
1 1 0
0 1 0
0 1 0
0 1 0
0 1 0
0 1 0
0 1 0
0 1 0
0 1 0
0 1 0
0 1 0
0 1 0
0 1 0
1 1 0
0 1 0
0 1 0
0 1 0
0 1 0
0 1 0
1 1 0
0 1 0
0 1 0
0 1 0
0 1 0
0 1 0
0 1 0
0 1 0
0 1 1
0 1 0
0 1 0
0 1 0
0 1 0
0 1 0
3 333
vvvvvvvvvvvvvvvvvvvvvvvvvvvvvvvvvvvvvvvvvvvvvvvvvvvvvvvvvvvvvvvvvvvvvvvvvvvvvvvvvvvvvvvvvvvvvvvvvvvvvvvvvvvvvvvvvvvvvvvvvvvvvvvvvvvvvvvvvvvvvvvvvvvvvvvvvvvvvvvvvvvvvvvvvvvvvvvvvvvvvvvvvvvvvvvvvvvvvvvvvvvvvvvvvvvvvvvvvvvvvvvvvvvvvvvvvvvvvvvvvvvvvvvvvvvvvvvvvvvvvvvvvvvvvvvvvvvvvvvvvvvvvvvvvvvvvvvvvvvvvvvvvvvvvvvvvvvvvvvvvvvvvvvvvvvvv
>>>>>><><<><<><<><<><<><<><<><<><<><<><<><<><<><<><<><<><<><<><<><<><<><<><<><<><<><<><<><<><<><<><<><<><<><<><<><<><<><<><<><<><<><<><<><<><<><<><<><<><<><<><<><<><<><<><<><<><<><<><<><<><<><<><<><<><<><<><<><<><<><<><<><<><<><<><<><<><<><<><<><<><<><<><<><<><<><<><<><<><<><<><<><<><<><<><<><<><<><<><<><<><<><<><<><<><<><<><<><<<<
^^^^^^^^^^^^^^^^^^^^^^^^^^^^^^^^^^^^^^^^^^^^^^^^^^^^^^^^^^^^^^^^^^^^^^^^^^^^^^^^^^^^^^^^^^^^^^^^^^^^^^^^^^^^^^^^^^^^^^^^^^^^^^^^^^^^^^^^^^^^^^^^^^^^^^^^^^^^^^^^^^^^^^^^^^^^^^^^^^^^^^^^^^^^^^^^^^^^^^^^^^^^^^^^^^^^^^^^^^^^^^^^^^^^^^^^^^^^^^^^^^^^^^^^^^^^^^^^^^^^^^^^^^^^^^^^^^^^^^^^^^^^^^^^^^^^^^^^^^^^^^^^^^^^^^^^^^^^^^^^^^^^^^^^^^^^^
0 0 0 0 0 0 0 0 0 0 0 0 0 0 0 0 0 0 0 0 0 0 0 0 0 0 0 0 0 0 0 0 0 0 0 0 0 0 0 0 0 0 0 0 0 0 0 0 0 0 0 0 0 0 0 0 0 0 0 0 0 0 0 0 0 0 0 0 0 0 0 0 0 0 0 0 0 0 0 0 0 0 0 0 0 0 0 0 0 0 0 0 0 0 0 0 0 0 0 0 0 0 0 0 0 0 0 0 0 0 0 0 0 0 0 0 0 0 0 0 0 0 0 0 0 0 0 0 0 0 0 0 0 0 0 0 0 0 0 0 0 0 0 0 0 0 0 0 0 0 0 0 0 0 0 0 0 0 0 0 0 0 0 0 0 0 0 0 0 0 0 0 0 0 0 0 0 0 0 0 0 0 0 0 0 0 0 0 0 0 0 0 0 0 0 0 0 0 0 0 0 0 0 0 0 0 0 0 0 0 0 0 0 0 0 0 0 0 0 0 0 0 0 0 0 0 0 0 0 0 0 0 0 0 0 0 0 0 0 0 0 0 0 0 0 0 0 0 0 0 0 0 0 0 0 0 0 0 0 0 0 0 0 0 0 0 0 0 0 0 0 0 0 0 0 0 0 0 0 0 0 0 0 0 0 0 0 0 0 0 0 0 0 0 0 0 0 0 0 0 0 0 0 0 0 0 0 0 0 0 0 0 0 0 0 0 0 0 0 0 0 0 0 0 0 0 0 0 0 0 0 0 0
1 1 1 1 1 1 1 1 1 1 1 1 1 1 1 1 1 1 1 1 1 1 1 1 1 1 1 1 1 1 1 1 1 1 1 1 1 1 1 1 1 1 1 1 1 1 1 1 1 1 1 1 1 1 1 1 1 1 1 1 1 1 1 1 1 1 1 1 1 1 1 1 1 1 1 1 1 1 1 1 1 1 1 1 1 1 1 1 1 1 1 1 1 1 1 1 1 1 1 1 1 1 1 1 1 1 1 1 1 1 1 1 1 1 1 1 1 1 1 1 1 1 1 1 1 1 1 1 1 1 1 1 1 1 1 1 1 1 1 1 1 1 1 1 1 1 1 1 1 1 1 1 1 1 1 1 1 1 1 1 1 1 1 1 1 1 1 1 1 1 1 1 1 1 1 1 1 1 1 1 1 1 1 1 1 1 1 1 1 1 1 1 1 1 1 1 1 1 1 1 1 1 1 1 1 1 1 1 1 1 1 1 1 1 1 1 1 1 1 1 1 1 1 1 1 1 1 1 1 1 1 1 1 1 1 1 1 1 1 1 1 1 1 1 1 1 1 1 1 1 1 1 1 1 1 1 1 1 1 1 1 1 1 1 1 1 1 1 1 1 1 1 1 1 1 1 1 1 1 1 1 1 1 1 1 1 1 1 1 1 1 1 1 1 1 1 1 1 1 1 1 1 1 1 1 1 1 1 1 1 1 1 1 1 1 1 1 1 1 1 1 1 1 1 1 1 1 1 1 1 1 1 1
0 0 0 0 0 0 0 0 0 0 0 0 0 0 0 0 0 0 0 0 0 0 0 0 0 0 0 0 0 0 0 0 0 0 0 0 0 0 0 0 0 0 0 0 0 0 0 0 0 0 0 0 0 0 0 0 0 0 0 0 0 0 0 0 0 0 0 0 0 0 0 0 0 0 0 0 0 0 0 0 0 0 0 0 0 0 0 0 0 0 0 0 0 0 0 0 0 0 0 0 0 0 0 0 0 0 0 0 0 0 0 0 0 0 0 0 0 0 0 0 0 0 0 0 0 0 0 0 0 0 0 0 0 0 0 0 0 0 0 0 0 0 0 0 0 0 0 0 0 0 0 0 0 0 0 0 0 0 0 0 0 0 0 0 0 0 0 0 0 0 0 0 0 0 0 0 0 0 0 0 0 0 0 0 0 0 0 0 0 0 0 0 0 0 0 0 0 0 0 0 0 0 0 0 0 0 0 0 0 0 0 0 0 0 0 0 0 0 0 0 0 0 0 0 0 0 0 0 0 0 0 0 0 0 0 0 0 0 0 0 0 0 0 0 0 0 0 0 0 0 0 0 0 0 0 0 0 0 0 0 0 0 0 0 0 0 0 0 0 0 0 0 0 0 0 0 0 0 0 0 0 0 0 0 0 0 0 0 0 0 0 0 0 0 0 0 0 0 0 0 0 0 0 0 0 0 0 0 0 0 0 0 0 0 0 0 0 0 0 0 0 0 0 0 0 0 0 0 0 0 0 0 0
3 333
vvvvvvvvvvvvvvvvvvvvvvvvvvvvvvvvvvvvvvvvvvvvvvvvvvvvvvvvvvvvvvvvvvvvvvvvvvvvvvvvvvvvvvvvvvvvvvvvvvvvvvvvvvvvvvvvvvvvvvvvvvvvvvvvvvvvvvvvvvvvvvvvvvvvvvvvvvvvvvvvvvvvvvvvvvvvvvvvvvvvvvvvvvvvvvvvvvvvvvvvvvvvvvvvvvvvvvvvvvvvvvvvvvvvvvvvvvvvvvvvvvvvvvvvvvvvvvvvvvvvvvvvvvvvvvvvvvvvvvvvvvvvvvvvvvvvvvvvvvvvvvvvvvvvvvvvvvvvvvvvvvvvvvvvvvvvv
>>>>>><><<><<><<><<><<><<><<><<><<><<><<><<><<><<><<><<><<><<><<><<><<><<><<><<><<><<><<><<><<><<><<><<><<><<><<><<><<><<><<><<><<><<><<><<><<><<><<><<><<><<><<><<><<><<><<><<><<><<><<><<><<><<><<><<><<><<><<><<><<><<><<><<><<><<><<><<><<><<><<><<><<><<><<><<><<><<><<><<><<><<><<><<><<><<><<><<><<><<><<><<><<><<><<><<><<><<><<><<<<
^^^^^^^^^^^^^^^^^^^^^^^^^^^^^^^^^^^^^^^^^^^^^^^^^^^^^^^^^^^^^^^^^^^^^^^^^^^^^^^^^^^^^^^^^^^^^^^^^^^^^^^^^^^^^^^^^^^^^^^^^^^^^^^^^^^^^^^^^^^^^^^^^^^^^^^^^^^^^^^^^^^^^^^^^^^^^^^^^^^^^^^^^^^^^^^^^^^^^^^^^^^^^^^^^^^^^^^^^^^^^^^^^^^^^^^^^^^^^^^^^^^^^^^^^^^^^^^^^^^^^^^^^^^^^^^^^^^^^^^^^^^^^^^^^^^^^^^^^^^^^^^^^^^^^^^^^^^^^^^^^^^^^^^^^^^^^
0 0 0 0 0 0 0 0 0 0 0 0 0 0 0 0 0 0 0 0 0 0 0 0 0 0 0 0 0 0 0 0 0 0 0 0 0 0 0 0 0 0 0 0 0 0 0 0 0 0 0 0 0 0 0 0 0 0 0 0 0 0 0 0 0 0 0 0 0 0 0 0 0 0 0 0 0 0 0 0 0 0 0 0 0 0 0 0 0 0 0 0 0 0 0 0 0 0 0 0 0 0 0 0 0 0 0 0 0 0 0 0 0 0 0 0 0 0 0 0 0 0 0 0 0 0 0 0 0 0 0 0 0 0 0 0 0 0 0 0 0 0 0 0 0 0 0 0 0 0 0 0 0 0 0 0 0 0 0 0 0 0 0 0 0 0 0 0 0 0 0 0 0 0 0 0 0 0 0 0 0 0 0 0 0 0 0 0 0 0 0 0 0 0 0 0 0 0 0 0 0 0 0 0 0 0 0 0 0 0 0 0 0 0 0 0 0 0 0 0 0 0 0 0 0 0 0 0 0 0 0 0 0 0 0 0 0 0 0 0 0 0 0 0 0 0 0 0 0 0 0 0 0 0 0 0 0 0 0 0 0 0 0 0 0 0 0 0 0 0 0 0 0 0 0 0 0 0 0 0 0 0 0 0 0 0 0 0 0 0 0 0 0 0 0 0 0 0 0 0 0 0 0 0 0 0 0 0 0 0 0 0 0 0 0 0 0 0 0 0 0 0 0 0 0 0 0 0 0 0 0 0 0
1 1 1 1 1 1 1 1 1 1 1 1 1 1 1 1 1 1 1 1 1 1 1 1 1 1 1 1 1 1 1 1 1 1 1 1 1 1 1 1 1 1 1 1 1 1 1 1 1 1 1 1 1 1 1 1 1 1 1 1 1 1 1 1 1 1 1 1 1 1 1 1 1 1 1 1 1 1 1 1 1 1 1 1 1 1 1 1 1 1 1 1 1 1 1 1 1 1 1 1 1 1 1 1 1 1 1 1 1 1 1 1 1 1 1 1 1 1 1 1 1 1 1 1 1 1 1 1 1 1 1 1 1 1 1 1 1 1 1 1 1 1 1 1 1 1 1 1 1 1 1 1 1 1 1 1 1 1 1 1 1 1 1 1 1 1 1 1 1 1 1 1 1 1 1 1 1 1 1 1 1 1 1 1 1 1 1 1 1 1 1 1 1 1 1 1 1 1 1 1 1 1 1 1 1 1 1 1 1 1 1 1 1 1 1 1 1 1 1 1 1 1 1 1 1 1 1 1 1 1 1 1 1 1 1 1 1 1 1 1 1 1 1 1 1 1 1 1 1 1 1 1 1 1 1 1 1 1 1 1 1 1 1 1 1 1 1 1 1 1 1 1 1 1 1 1 1 1 1 1 1 1 1 1 1 1 1 1 1 1 1 1 1 1 1 1 1 1 1 1 1 1 1 1 1 1 1 1 1 1 1 1 1 1 1 1 1 1 1 1 1 1 1 1 1 1 1 1 1 1 1 1 1
0 0 0 0 0 0 0 0 0 0 0 0 0 0 0 0 0 0 0 0 0 0 0 0 0 0 0 0 0 0 0 0 0 0 0 0 0 0 0 0 0 0 0 0 0 0 0 0 0 0 0 0 0 0 0 0 0 0 0 0 0 0 0 0 0 0 0 0 0 0 0 0 0 0 0 0 0 0 0 0 0 0 0 0 0 0 0 0 0 0 0 0 0 0 0 0 0 0 0 0 0 0 0 0 0 0 0 0 0 0 0 0 0 0 0 0 0 0 0 0 0 0 0 0 0 0 0 0 0 0 0 0 0 0 0 0 0 0 0 0 0 0 0 0 0 0 0 0 0 0 0 0 0 0 0 0 0 0 0 0 0 0 0 0 0 0 0 0 0 0 0 0 0 0 0 0 0 0 0 0 0 0 0 0 0 0 0 0 0 0 0 0 0 0 0 0 0 0 0 0 0 0 0 0 0 0 0 0 0 0 0 0 0 0 0 0 0 0 0 0 0 0 0 0 0 0 0 0 0 0 0 0 0 0 0 0 0 0 0 0 0 0 0 0 0 0 0 0 0 0 0 0 0 0 0 0 0 0 0 0 0 0 0 0 0 0 0 0 0 0 0 0 0 0 0 0 0 0 0 0 0 0 0 0 0 0 0 0 0 0 0 0 0 0 0 0 0 0 0 0 0 0 0 0 0 0 0 0 0 0 0 0 0 0 0 0 0 0 0 0 0 0 0 0 0 0 0 0 0 0 0 0 0
5 4
vvvv
vvvv
vvvv
<><v
^<<<
1 1 1 1
0 1 1 0
0 1 1 0
1 0 1 0
0 0 0 0
333 3
>v<
>v<
>v<
>v<
>v<
>^<
>v<
>^<
>^<
>v<
>^<
>^<
>v<
>^<
>^<
>v<
>^<
>^<
>v<
>^<
>^<
>v<
>^<
>^<
>v<
>^<
>^<
>v<
>^<
>^<
>v<
>^<
>^<
>v<
>^<
>^<
>v<
>^<
>^<
>v<
>^<
>^<
>v<
>^<
>^<
>v<
>^<
>^<
>v<
>^<
>^<
>v<
>^<
>^<
>v<
>^<
>^<
>v<
>^<
>^<
>v<
>^<
>^<
>v<
>^<
>^<
>v<
>^<
>^<
>v<
>^<
>^<
>v<
>^<
>^<
>v<
>^<
>^<
>v<
>^<
>^<
>v<
>^<
>^<
>v<
>^<
>^<
>v<
>^<
>^<
>v<
>^<
>^<
>v<
>^<
>^<
>v<
>^<
>^<
>v<
>^<
>^<
>v<
>^<
>^<
>v<
>^<
>^<
>v<
>^<
>^<
>v<
>^<
>^<
>v<
>^<
>^<
>v<
>^<
>^<
>v<
>^<
>^<
>v<
>^<
>^<
>v<
>^<
>^<
>v<
>^<
>^<
>v<
>^<
>^<
>v<
>^<
>^<
>v<
>^<
>^<
>v<
>^<
>^<
>v<
>^<
>^<
>v<
>^<
>^<
>v<
>^<
>^<
>v<
>^<
>^<
>v<
>^<
>^<
>v<
>^<
>^<
>v<
>^<
>^<
>v<
>^<
>^<
>v<
>^<
>^<
>v<
>^<
>^<
>v<
>^<
>^<
>v<
>^<
>^<
>v<
>^<
>^<
>v<
>^<
>^<
>v<
>^<
>^<
>v<
>^<
>^<
>v<
>^<
>^<
>v<
>^<
>^<
>v<
>^<
>^<
>v<
>^<
>^<
>v<
>^<
>^<
>v<
>^<
>^<
>v<
>^<
>^<
>v<
>^<
>^<
>v<
>^<
>^<
>v<
>^<
>^<
>v<
>^<
>^<
>v<
>^<
>^<
>v<
>^<
>^<
>v<
>^<
>^<
>v<
>^<
>^<
>v<
>^<
>^<
>v<
>^<
>^<
>v<
>^<
>^<
>v<
>^<
>^<
>v<
>^<
>^<
>v<
>^<
>^<
>v<
>^<
>^<
>v<
>^<
>^<
>v<
>^<
>^<
>v<
>^<
>^<
>v<
>^<
>^<
>v<
>^<
>^<
>v<
>^<
>^<
>v<
>^<
>^<
>v<
>^<
>^<
>v<
>^<
>^<
>v<
>^<
>^<
>v<
>^<
>^<
>v<
>^<
>^<
>v<
>^<
>^<
>v<
>^<
>^<
>v<
>^<
>^<
>v<
>^<
>^<
>v<
>^<
>^<
>v<
>^<
>^<
>v<
>^<
>^<
>v<
>^<
>^<
>v<
>^<
>^<
>v<
>^<
>^<
>v<
>^<
>^<
>v<
>^<
>^<
>v<
>^<
>^<
0 0 0
0 1 0
0 1 0
0 1 0
0 1 0
0 1 0
0 1 0
0 1 0
0 1 0
0 1 0
0 1 0
0 1 0
0 1 0
0 1 0
0 1 0
0 1 0
0 1 0
0 1 0
0 1 0
0 1 0
0 1 0
0 1 0
0 1 0
0 1 0
0 1 0
0 1 0
0 1 0
0 1 0
0 1 0
0 1 0
0 1 0
0 1 0
0 1 0
0 1 0
0 1 0
0 1 0
0 1 0
0 1 0
0 1 0
0 1 0
0 1 0
0 1 0
0 1 0
0 1 0
0 1 0
0 1 0
0 1 0
0 1 0
0 1 0
0 1 0
0 1 0
0 1 0
0 1 0
0 1 0
0 1 0
0 1 0
0 1 0
0 1 0
0 1 0
0 1 0
0 1 0
0 1 0
0 1 0
0 1 0
0 1 0
0 1 0
0 1 0
0 1 0
0 1 0
0 1 0
0 1 0
0 1 0
0 1 0
0 1 0
0 1 0
0 1 0
0 1 0
0 1 0
0 1 0
0 1 0
0 1 0
0 1 0
0 1 0
0 1 0
0 1 0
0 1 0
0 1 0
0 1 0
0 1 0
0 1 0
0 1 0
0 1 0
0 1 0
0 1 0
0 1 0
0 1 0
0 1 0
0 1 0
0 1 0
0 1 0
0 1 0
0 1 0
0 1 0
0 1 0
0 1 0
0 1 0
0 1 0
0 1 0
0 1 0
0 1 0
0 1 0
0 1 0
0 1 0
0 1 0
0 1 0
0 1 0
0 1 0
0 1 0
0 1 0
0 1 0
0 1 0
0 1 0
0 1 0
0 1 0
0 1 0
0 1 0
0 1 0
0 1 0
0 1 0
0 1 0
0 1 0
0 1 0
0 1 0
0 1 0
0 1 0
0 1 0
0 1 0
0 1 0
0 1 0
0 1 0
0 1 0
0 1 0
0 1 0
0 1 0
0 1 0
0 1 0
0 1 0
0 1 0
0 1 0
0 1 0
0 1 0
0 1 0
0 1 0
0 1 0
0 1 0
0 1 0
0 1 0
0 1 0
0 1 0
0 1 0
0 1 0
0 1 0
0 1 0
0 1 0
0 1 0
0 1 0
0 1 0
0 1 0
0 1 0
0 1 0
0 1 0
0 1 0
0 1 0
0 1 0
0 1 0
0 1 0
0 1 0
0 1 0
0 1 0
0 1 0
0 1 0
0 1 0
0 1 0
0 1 0
0 1 0
0 1 0
0 1 0
0 1 0
0 1 0
0 1 0
0 1 0
0 1 0
0 1 0
0 1 0
0 1 0
0 1 0
0 1 0
0 1 0
0 1 0
0 1 0
0 1 0
0 1 0
0 1 0
0 1 0
0 1 0
0 1 0
0 1 0
0 1 0
0 1 0
0 1 0
0 1 0
0 1 0
0 1 0
0 1 0
0 1 0
0 1 0
0 1 0
0 1 0
0 1 0
0 1 0
0 1 0
0 1 0
0 1 0
0 1 0
0 1 0
0 1 0
0 1 0
0 1 0
0 1 0
0 1 0
0 1 0
0 1 0
0 1 0
0 1 0
0 1 0
0 1 0
0 1 0
0 1 0
0 1 0
0 1 0
0 1 0
0 1 0
0 1 0
0 1 0
0 1 0
0 1 0
0 1 0
0 1 0
0 1 0
0 1 0
0 1 0
0 1 0
0 1 0
0 1 0
0 1 0
0 1 0
0 1 0
0 1 0
0 1 0
0 1 0
0 1 0
0 1 0
0 1 0
0 1 0
0 1 0
0 1 0
0 1 0
0 1 0
0 1 0
0 1 0
0 1 0
0 1 0
0 1 0
0 1 0
0 1 0
0 1 0
0 1 0
0 1 0
0 1 0
0 1 0
0 1 0
0 1 0
0 1 0
0 1 0
0 1 0
0 1 0
0 1 0
0 1 0
0 1 0
0 1 0
0 1 0
0 1 0
0 1 0
0 1 0
0 1 0
0 1 0
0 1 0
0 1 0
0 1 0
0 1 0
0 1 0
0 1 0
0 1 0
0 1 0
0 1 0
0 1 0
0 1 0
0 1 0
0 1 0
0 1 0
0 1 0
0 1 0
0 1 0
0 1 0
0 1 0
0 1 0
0 1 0
0 1 0
0 1 0
0 1 0
0 1 0
0 1 0
0 1 0
0 1 0
0 1 0
0 1 0
0 1 0
0 1 0
0 1 0
0 1 0
0 1 0
0 1 0
0 1 0
50 20
v>v><><<>vv>>>v<v<<<
v><v<<>^<v<><<^><>^^
^v^<<>>v<v<>v<^>>vv^
vvv>^<v><>><^>v^v^^^
v>vv>^<<>v>^>>^>vv<v
><<>^vvv<^>>><v^^^v<
^v^v>>^^<v>^<><>>v^v
><><>>v<<<<<>>><v^^v
^>^^v^<^><v<^vvv<vv<
>>><>><v^^vv^<<v^^v^
^>v^>>^<^v<v>v^<<^^^
><<v>>>>^>>>^v><v>>v
^v^^<<<<^><v^<<>>^<<
^^<v^>><^>v<>>>>v>>^
>>vvv<v>v<v><^^v^v^^
^^^^v<<<>v^<^<vvv^^v
>>>v<v<>>^v^v^>><^<<
^>>>vvv^<>^v<^v^v>^v
>>^>>v^vv<^<><<>^v<v
^<^v>v<v>vv^vv^^^<><
>v<><v<v>v<v<^><^<^<
v^>^^<<><<<<v^<v<<<^
vvv^>^^^>^>^<<<><v^<
v<^><<>^<v>^v<>vv>^<
>v^><^><^<<<v<>>vv<<
><<>v>>>v^>v^^v<>^^<
>v<^v<><v<^^v<v>>^<^
^<v><vvvv<>vv^vv^>^<
^>^vv^v>v^>v>^>^v<v^
v<^v<^>^>v^<<v>v^><v
><<v^<v<>>v<^><><>vv
><^<>v^<<v^v<vv<v^^<
v^^>><>^<^vv<v^<<^><
v<^v>vv<>^v>v<^v^^><
^^>vv>^<^^^^><<^<^<v
^<<<^>>^<><<<><v>>vv
^<v>^<^<><>v>^<vvv^v
^>><<<><v^^^v<v<^>><
v<^vv^><^v><^<>>v><<
^v>v<^v<^^><vv>^^>vv
vv<v<>^^v>v^^>v<<>^v
>^><v>^<>><v<<<<v^vv
v<vv><<vv>>><<<>v>v<
>><^>^^>^<v><>^^<><<
^v>v^>v^><>v^v>vv^v^
v<>><<v^v>>^>>^v>>^^
^^^v<>vv^^^>>>>v>>>v
>v^^<<v^<<v<^^<<v^vv
v>v^^>^v><v^^v>>^v<^
^^><>^^^>^<>^>^<^>^^
0 0 0 1 0 0 1 0 0 0 0 0 0 0 1 1 0 0 0 0
1 1 0 1 1 1 1 1 0 0 0 1 0 0 0 0 1 0 0 0
0 0 0 1 0 0 0 1 0 0 0 1 0 0 0 0 1 0 0 0
1 1 1 1 0 0 0 1 1 1 0 1 1 0 1 1 1 1 1 1
1 1 1 0 0 0 0 1 0 0 0 1 1 1 0 1 1 0 0 0
0 1 1 1 1 0 0 1 0 1 0 0 0 1 0 1 0 1 1 0
0 0 0 1 1 1 1 0 0 1 0 1 0 1 0 1 1 0 0 0
1 0 0 1 1 1 0 0 0 0 0 0 0 1 1 0 1 1 0 0
0 0 0 1 1 0 0 0 0 1 0 0 0 0 0 0 0 0 0 0
0 0 0 1 1 1 1 1 0 0 0 0 0 0 0 0 0 1 0 0
0 0 0 0 0 0 0 0 0 0 0 0 0 1 1 1 0 1 1 0
0 1 1 0 0 0 1 1 0 0 0 0 0 0 0 1 1 1 1 0
0 1 1 1 1 0 1 1 1 0 1 0 0 1 1 0 1 0 0 0
0 0 0 0 1 0 1 0 0 0 0 0 0 1 0 0 1 0 1 0
0 0 0 0 1 0 1 0 1 0 1 0 1 0 0 0 1 1 1 0
0 0 1 1 0 0 1 0 1 1 1 1 0 0 0 0 1 0 0 0
0 1 1 0 1 1 1 0 0 1 1 0 0 1 0 1 0 0 0 0
0 1 0 0 1 0 0 0 0 0 0 1 0 0 0 1 0 0 1 1
0 1 0 0 1 0 1 0 1 0 0 0 0 1 0 0 1 1 1 0
1 0 0 0 1 1 0 1 1 0 0 0 1 1 0 0 0 1 1 0
0 0 0 0 1 0 0 0 1 0 0 0 0 0 0 1 1 0 0 0
0 1 1 1 1 0 0 0 1 0 0 0 0 0 0 0 1 0 0 0
0 0 1 0 0 1 0 0 0 0 0 0 0 0 0 1 0 0 0 0
1 0 0 1 0 1 0 0 0 0 0 0 0 0 0 0 0 0 0 0
0 1 0 0 1 1 0 1 1 1 0 0 0 0 0 0 0 0 0 0
0 1 0 1 1 1 0 0 0 1 0 1 1 1 1 1 1 1 1 0
0 0 0 1 0 1 1 0 0 0 0 0 0 0 0 1 1 1 0 0
1 1 0 0 1 1 0 0 0 0 0 0 0 0 0 0 0 0 0 0
0 1 1 1 1 0 1 1 0 0 0 0 0 1 1 1 1 1 1 1
0 0 0 0 0 1 1 1 0 1 1 0 0 0 1 1 0 1 0 0
1 0 0 0 0 1 1 0 0 0 0 1 1 1 1 0 1 0 1 1
1 0 0 0 0 0 0 0 0 0 1 1 0 1 0 0 0 0 0 0
1 0 1 1 1 0 0 0 0 1 0 0 0 1 1 0 1 1 1 0
1 0 1 1 1 1 1 0 0 1 1 0 1 1 1 1 0 1 1 0
0 0 0 1 1 1 0 0 0 0 0 0 0 1 0 1 0 1 0 0
0 0 1 0 1 1 0 0 0 0 1 1 1 1 0 0 0 0 1 1
1 0 1 0 0 0 0 0 0 1 0 1 1 1 0 0 0 0 0 0
1 0 1 0 0 0 0 1 1 0 1 0 0 0 0 0 1 0 1 0
0 0 0 0 0 0 0 1 1 0 1 0 1 0 0 0 0 0 1 0
1 1 1 0 0 0 1 1 0 1 0 1 0 1 0 0 1 1 1 0
1 1 1 0 0 0 0 0 0 0 0 1 1 1 0 0 0 0 1 0
0 0 0 1 0 0 0 0 0 0 1 1 0 1 0 0 0 0 0 0
1 0 0 0 0 1 0 0 0 1 1 0 1 1 1 1 1 0 0 1
1 1 0 1 0 1 1 0 1 0 0 0 1 1 1 0 1 1 0 1
0 1 0 0 0 0 0 1 1 0 0 1 0 0 0 0 0 0 1 0
1 1 0 0 1 1 0 1 1 1 1 0 0 0 0 0 0 0 0 0
0 0 0 0 0 1 1 0 0 1 0 1 0 0 0 0 0 0 1 1
1 1 1 1 1 0 0 1 1 0 0 1 0 1 0 0 1 1 0 1
1 0 1 0 1 0 1 1 1 0 0 0 1 1 1 1 1 0 1 1
0 0 1 0 1 0 1 1 0 1 0 0 0 0 0 0 0 1 0 0
20 50
v>><<>>v<vv>v<<v<<v<><><vv>v>v><v<vv>>v<>>vv<v<vv<
v^>v^<>>><^^>v><vv>v>>v><v>vv>v<<^><^^>v<v^v<^^vv^
>v>v^<^^>^>><><v<^><vv<><^>^^v<<v<^^^v>>>>>v>vv^><
v<vv><^^<^<<^^^^>>><<v^>^>>v<><<<<<<<v>vv<v^<vv^v<
^vvv<>>><<>v^v>^v^><<<<v>>^^^^v>v^<<<v<v>^v^>^>v<<
^^^v<>>^v<<v<<v<vv^>>>vv^v><^v><>^vv>v<<>>v^v<>^>v
>v<<>vv<>>v<<<<>v<>^<vv><<>^<<^v^^^v<>^<^<><>^<>><
^<vvv<<v<^<><>vv^>^^^<<vvv^<><<^^<v^^vv^v^^v^v<>^<
^<<><vv^vvv>^<^<>^v^><<vv^v><><vv>^^<<>v>><><<^>v^
^>>><^<vv^><<v<v>>^v><^>>>v^<>>^^>^<v^<<vv^<^^^v^v
v<>^><>^^><>^v<<v>^v^>>v<><v^<^>>v^v<^^v<v^^>^>v>v
^v>^vv<^v<^^^^v^^<v^<<>v><><<>^^<v^^^^vvvv>>^v<>^^
>^>^>^>vvv<^<>v><<<^>^>^>^>vv^^<^>vvv>^^><^v<^v^^v
^v<<><<<v^v<^^>^^>>vvv><^<<^^^^^v>^vvv^<<>>^<<v<vv
>><^v>>>v^<<v<v>v^^>^<>v<<vv<>v>^>^^>v>^v<<vv<vvvv
^^vv><>^^^v>v><>^><^<<<vv<v<v<>v<v^^v<^v<v^^^v>^<<
v>^vv<<vvv<>^vvv^<<^<<><^vvv^<<^<<><^v^^<v^>^^v<^^
^vvv<<^v<>v^<^<>^vv><vv>><vv<><v<^^<^^>^<<<vvvv<^<
>^^^v^>vv^v<^<<>v^<v>v<><><^<^v>v<vv>v>v>>^>vv^<^v
>^^^^>^^^^>^^>^<<><^>>^><^><>^<>><^><^<>>>^>^>^<^^
1 1 1 1 1 1 1 1 1 1 1 1 1 1 1 1 1 1 1 1 1 1 1 1 1 1 1 1 1 1 1 1 1 1 1 1 1 1 1 1 1 1 1 1 1 1 1 1 1 1
1 1 1 1 1 1 1 1 1 1 1 1 1 1 1 1 1 1 1 1 1 1 1 1 1 1 1 1 1 1 1 1 1 1 1 1 1 1 1 1 1 1 1 1 1 1 1 1 1 1
1 1 1 1 1 1 1 1 1 1 1 1 1 1 1 1 1 1 1 1 1 1 1 1 1 1 1 1 1 1 1 1 1 1 1 1 1 1 1 1 1 1 1 1 1 1 1 1 1 1
1 1 1 1 1 1 1 1 1 1 1 1 1 1 1 1 1 1 1 1 1 1 1 1 1 1 1 1 1 1 1 1 1 1 1 1 1 1 1 1 1 1 1 1 1 1 1 1 1 1
1 1 1 1 1 1 1 1 1 1 1 1 1 1 1 1 1 1 1 1 1 1 1 1 1 1 1 1 1 1 1 1 1 1 1 1 1 1 1 1 1 1 1 1 1 1 1 1 1 1
1 1 1 1 1 1 1 1 1 1 1 1 1 1 1 1 1 1 1 1 1 1 1 1 1 1 1 1 1 1 1 1 1 1 1 1 1 1 1 1 1 1 1 1 1 1 1 1 1 1
1 1 1 1 1 1 1 1 1 1 1 1 1 1 1 1 1 1 1 1 1 1 1 1 1 1 1 1 1 1 1 1 1 1 1 1 1 1 1 1 1 1 1 1 1 1 1 1 1 1
1 1 1 1 1 1 1 1 1 1 1 1 1 1 1 1 1 1 1 1 1 1 1 1 1 1 1 1 1 1 1 1 1 1 1 1 1 1 1 1 1 1 1 1 1 1 1 1 1 1
1 1 1 1 1 1 1 1 1 1 1 1 1 1 1 1 1 1 1 1 1 1 1 1 1 1 1 1 1 1 1 1 1 1 1 1 1 1 1 1 1 1 1 1 1 1 1 1 1 1
1 1 1 1 1 1 1 1 1 1 1 1 1 1 1 1 1 1 1 1 1 1 1 1 1 1 1 1 1 1 1 1 1 1 1 1 1 1 1 1 1 1 1 1 1 1 1 1 1 1
1 1 1 1 1 1 1 1 1 1 1 1 1 1 1 1 1 1 1 1 1 1 1 1 1 1 1 1 1 1 1 1 1 1 1 1 1 1 1 1 1 1 1 1 1 1 1 1 1 1
1 1 1 1 1 1 1 1 1 1 1 1 1 1 1 1 1 1 1 1 1 1 1 1 1 1 1 1 1 1 1 1 1 1 1 1 1 1 1 1 1 1 1 1 1 1 1 1 1 1
1 1 1 1 1 1 1 1 1 1 1 1 1 1 1 1 1 1 1 1 1 1 1 1 1 1 1 1 1 1 1 1 1 1 1 1 1 1 1 1 1 1 1 1 1 1 1 1 1 1
1 1 1 1 1 1 1 1 1 1 1 1 1 1 1 1 1 1 1 1 1 1 1 1 1 1 1 1 1 1 1 1 1 1 1 1 1 1 1 1 1 1 1 1 1 1 1 1 1 1
1 1 1 1 1 1 1 1 1 1 1 1 1 1 1 1 1 1 1 1 1 1 1 1 1 1 1 1 1 1 1 1 1 1 1 1 1 1 1 1 1 1 1 1 1 1 1 1 1 1
1 1 1 1 1 1 1 1 1 1 1 1 1 1 1 1 1 1 1 1 1 1 1 1 1 1 1 1 1 1 1 1 1 1 1 1 1 1 1 1 1 1 1 1 1 1 1 1 1 1
1 1 1 1 1 1 1 1 1 1 1 1 1 1 1 1 1 1 1 1 1 1 1 1 1 1 1 1 1 1 1 1 1 1 1 1 1 1 1 1 1 1 1 1 1 1 1 1 1 1
1 1 1 1 1 1 1 1 1 1 1 1 1 1 1 1 1 1 1 1 1 1 1 1 1 1 1 1 1 1 1 1 1 1 1 1 1 1 1 1 1 1 1 1 1 1 1 1 1 1
1 1 1 1 1 1 1 1 1 1 1 1 1 1 1 1 1 1 1 1 1 1 1 1 1 1 1 1 1 1 1 1 1 1 1 1 1 1 1 1 1 1 1 1 1 1 1 1 1 1
1 1 1 1 1 1 1 1 1 1 1 1 1 1 1 1 1 1 1 1 1 1 1 1 1 1 1 1 1 1 1 1 1 1 1 1 1 1 1 1 1 1 1 1 1 1 1 1 1 1
31 32
vvv<<<<<>v>>v<><v<<>>vvv><<>>v<<
^^^<>>>>>vvv<^^v<v<^>>v^^<^v^v<v
>^v>>v<<<>^v>^>>^^v^<<v>>^vvv^^v
^v^v^^vvv>^v><^><^^v<><^<<<^>v^<
^<^<v<^<>^v>v^v>^v^<<vvv^<^^><^^
>^><<^^<^^v^v^>>>^vv^^^>>^^>^vv^
v>>vv<^>>><<<<<>^v<>^v<^<>>^><^<
vv<^^>><v<^><<^^v^^>>^><<vv<>^v<
^<<>>^v<v<><>v>^^^vvvv><v^^^>^v^
^v<>^<<<^^<<v^v>vv>>^>^<>v^^><>v
v^>>^<<>v><v>v^<v>v>v><v<v>>^v>v
vv>^v<^<v^>^<v>^<<^v<>>v<>>v><<v
^vv<<^>v<^<v>^<v<v<^<<vv>><>v<vv
^<<<>^vvv<v^^vvvv<v^<<^<^v><<v<v
^^^>v<v<v<^^v^^<^><><v^^vvvv>><v
^><<>vv<v>^^v^^^v>><><v><>><v^^v
v>^v<v<<v><v^vv^>>vv<^>v>v^v^vv<
>>>^>^v^vv^v^><vvvv>v<<>v<^v<v><
>^><<v<><<<>><vv>>^v>>^v>v<^<<v^
>v^^<^>^<^^<<><>>v>>v<>><^^<<v<^
^v><>><<v^vv><><v^>vvvv<^>^>vv<v
^<vv^^v^v>>v<<^<vv>^>^<^<<>v^^vv
v^^v<><vv>>><<>v^>v<^<>>>vv^><vv
>vvv>>vv^vvv^vvv<<v<^>^^<<><<><^
><v^<v<^^<><^><<^^^v>>^v^><>^^^<
><>v><><v>^^>>>^>^v>^v>vv^>v^v^<
^<>>^v^>>v^v>^<<>>v^>^><^^^><>v<
>^<vvv^>>v><<v<>^vvvv^^v<><<v<v^
^<>^v<<v^^><>>^v<v^<vv^^<>v^vv<<
vvvv^<^^>v^>v>>^<<<>vv>v>>v>^vv<
^<<>^^^^><<^^><<><><^>^^^>>><<<<
1 0 1 0 0 0 0 0 0 0 0 0 0 0 0 1 1 0 1 1 0 0 0 1 0 1 0 0 0 1 1 0
0 1 0 0 0 0 0 0 1 0 0 0 0 0 0 1 1 1 0 0 1 1 1 1 1 1 1 1 1 1 0 0
1 1 0 0 0 0 1 0 1 1 1 1 1 1 1 1 1 1 0 0 0 1 1 1 1 1 0 1 1 0 0 0
0 0 1 0 1 1 1 0 0 1 1 0 0 1 1 0 1 0 1 0 0 1 1 0 1 1 0 0 0 0 0 0
0 1 1 0 1 0 0 0 0 1 0 0 0 0 0 0 0 1 1 0 0 1 0 0 1 0 0 0 1 1 1 0
1 1 0 1 1 0 0 0 0 0 1 1 0 0 0 0 0 0 0 0 0 0 1 0 1 0 0 0 0 0 1 0
0 0 0 0 0 0 0 0 0 0 1 1 1 0 0 0 0 0 0 0 0 1 1 1 1 1 0 0 0 1 1 1
0 0 0 1 1 1 1 0 0 0 0 0 1 1 1 1 0 1 1 1 0 0 1 0 0 0 0 0 0 1 1 0
1 1 0 0 1 0 1 0 0 0 1 0 0 0 1 1 1 1 0 1 0 0 1 0 1 1 1 0 0 1 0 0
1 1 0 0 1 0 0 0 1 1 1 1 0 1 1 0 0 0 0 1 1 0 0 0 1 0 0 0 0 1 0 0
1 0 0 0 1 1 1 0 0 1 0 0 0 1 0 0 1 0 0 0 0 0 1 1 1 0 0 0 0 0 0 0
1 0 0 0 0 1 1 1 0 0 0 1 1 1 0 1 0 0 1 1 1 0 1 0 0 1 0 0 0 1 0 0
0 0 0 0 0 0 0 0 1 1 1 1 0 0 0 0 0 0 0 0 0 0 1 0 0 1 0 0 0 1 0 0
0 0 0 0 0 0 0 0 1 0 1 0 0 0 1 0 0 0 0 0 0 0 0 0 0 0 0 1 1 0 1 0
0 0 0 0 0 0 0 1 1 1 0 0 0 1 0 0 1 0 1 0 1 1 1 1 0 1 1 0 1 0 1 1
0 0 1 1 1 0 1 1 1 0 1 1 0 0 0 0 0 0 0 1 0 1 0 1 0 0 0 1 0 0 1 1
0 0 0 0 1 1 1 0 0 0 1 1 1 1 0 0 0 0 1 0 0 0 0 1 0 0 0 0 1 1 0 0
0 0 0 1 1 0 0 0 0 0 0 1 0 1 0 0 0 0 1 0 0 0 1 0 1 1 0 0 1 1 1 0
0 0 0 1 0 0 1 1 0 0 0 1 0 1 0 0 0 0 1 1 1 0 0 0 0 1 1 1 1 1 1 1
0 0 0 1 1 1 1 1 1 0 0 1 0 0 1 0 0 1 0 0 1 1 0 0 1 0 0 0 0 1 1 0
0 0 0 1 0 0 1 0 0 0 0 1 1 0 1 0 0 0 1 1 0 0 0 0 0 1 1 0 0 1 1 0
1 0 0 0 0 0 0 1 1 0 0 0 0 0 1 0 0 0 0 0 0 1 0 0 1 1 1 0 1 0 0 0
0 0 1 0 1 1 0 0 1 0 1 1 0 0 0 1 1 1 0 0 1 0 0 0 1 0 1 1 0 1 1 0
1 1 1 0 1 0 0 0 0 0 0 0 1 0 0 0 0 1 0 0 1 0 1 1 1 0 1 0 0 0 1 1
0 1 0 1 0 0 0 1 0 0 0 1 0 1 0 1 1 0 1 0 0 0 0 0 0 0 1 1 0 0 0 0
1 0 0 0 1 0 1 0 0 0 1 0 1 1 0 0 0 1 0 0 1 1 1 0 1 1 1 1 0 0 0 0
0 0 0 1 1 1 0 0 0 1 1 1 1 1 1 0 0 0 1 0 1 0 0 1 0 0 1 1 0 0 0 0
0 0 0 0 1 1 1 1 0 1 1 0 0 0 0 0 0 0 0 0 0 1 0 0 0 0 1 0 1 0 0 0
0 0 1 1 1 0 0 1 1 1 1 0 0 0 1 0 0 0 1 0 1 1 0 1 0 0 1 1 1 0 0 0
1 0 0 0 0 0 1 1 1 1 1 0 0 0 0 1 0 0 1 0 1 1 1 1 0 0 1 1 0 0 0 0
0 0 1 0 0 0 1 0 1 0 0 0 1 0 1 1 0 1 1 0 0 0 0 0 0 0 1 1 0 0 0 0
32 31
v>>>v><vv<>v>>v<<>><vvv<<>><<><
vv><>vv^>v^<<^^^<>>>^^v>vvv><<v
>^^<<v>vv<<>^<v<v^<v>v^^<<>><<^
^vv>^^>>^>v^<v><^<v>v><^<<v<><^
v^^>v^<>^v>v>^<^<vv><>^^v^^^^>^
^^^^^><<>^v^^><v<<^>^<v<^^^<<<v
>v<vvv^v^^<>>^<<v><<^>^<<>^>^>v
>^>vv<<v^vv<><vv>>>^^^^><<^vv<v
^>v<v^^<<v><v^^<v<v>>^v^^^v<vv^
><<<vv<^vv^><>>>>>v^^v^<>>^<^>^
v<>^^<^<>>^^><^vvv<<v>v^<>^<^^<
>vvv^v^<^<v^^<^>^>v<>v>>^<>^v^v
v<><v>^^^v>>>>v>vv^^>^><<vv^^^^
v^>^><><>vv<><v^>v><><<>^v^>^<^
^^v<^v<v^^>v^v>v>><^v^v<>^<v><<
^>^<<<v>v>^v^^^<^>>>^>v^><^v<>v
^>><v>^><<<>v<^v^>>>^<^^<vvv>v<
>>>v<^^^<<v<vvvv<<<^<^vv^<<v<^<
v^>><v<v>v<<v<^>v>^>>vv^>^vvv<<
^>>><<<>>v>v<<>^>^<^^v^<v<<>><v
v>^>^>><v^>v^<v<<v^>^<^><<^v>^^
>^^^vv^^<><><^^<<^vvv<^<v^^vv<^
^vv<v>><^^><v>^vvv<>>>^vv^<>>^^
>>v>><v>v>><^<<vv<>^^^^<^<^^>>v
>v^vv>v^><^<^^><><v^>^^>v^^>^^v
>^><>>>^<><><v^^^<><v<v<>>v^vvv
^^v<>><>^>v<v>v^<^<<><><<<>^<<<
>^v<^v<^v<v><vvv>>^^<v<>vv^<^^^
>><v>vv>v^>>vv<<v>>><><^^>>>^<<
^<^<>vv^<v<><>v^<>>vv>><<v^><>^
v^<><<<^<^<<>>^<v<^v<<^^<^><>^^
^<><^>>>><<>^>^^><<><>^<><^<<<^
0 0 0 0 1 0 1 0 0 0 0 1 0 1 0 0 0 0 0 1 1 1 0 0 0 1 1 0 1 0 1
0 1 0 1 1 1 0 1 0 0 1 1 0 1 1 0 0 0 0 0 0 0 1 0 1 0 1 0 1 0 0
0 0 0 1 1 1 1 0 0 0 0 0 0 1 1 0 1 1 1 1 1 1 0 0 1 0 1 1 0 0 1
0 1 1 0 0 0 0 0 1 0 0 0 0 0 1 0 0 1 1 0 1 1 0 0 0 0 0 0 1 0 1
1 0 0 0 1 0 0 1 1 0 0 0 1 1 0 0 0 1 0 0 1 0 0 0 1 0 1 0 0 0 1
0 1 1 1 0 1 0 0 0 1 0 1 1 1 0 0 0 0 1 0 1 0 0 1 0 0 1 1 0 0 0
0 1 0 0 0 0 0 0 0 1 0 0 0 1 1 1 1 1 1 0 1 1 1 1 0 0 0 1 0 0 0
0 0 0 0 0 1 1 0 1 1 0 0 1 0 1 0 1 1 1 0 0 1 0 0 1 1 1 1 1 1 1
0 0 0 0 0 0 1 0 0 1 1 0 0 0 0 0 0 1 0 0 0 0 1 1 0 0 0 0 1 1 1
1 0 0 0 0 0 1 0 0 0 0 0 1 0 0 0 0 1 1 1 0 1 0 0 0 0 1 0 0 0 0
1 1 1 1 1 0 1 0 0 0 0 1 1 0 0 0 0 0 1 0 0 1 1 1 0 0 1 0 0 0 1
0 0 0 0 0 0 1 0 0 0 1 1 1 1 0 1 1 1 1 0 0 1 1 0 0 0 1 0 0 0 1
1 0 1 0 0 1 1 0 0 1 1 0 1 1 0 1 1 0 1 0 0 1 1 0 0 1 0 0 1 0 0
1 0 1 0 0 1 0 1 0 1 0 0 1 1 1 0 1 1 1 1 1 0 0 0 0 1 1 1 1 0 0
0 0 1 1 1 1 1 1 1 1 1 1 1 1 0 0 0 0 1 1 1 1 0 0 0 0 0 0 0 1 1
0 0 1 0 1 0 0 0 0 1 1 1 0 0 0 1 1 0 0 0 0 1 1 0 0 1 0 1 1 1 0
0 1 0 1 1 1 1 1 0 0 0 1 0 1 0 0 1 0 0 1 1 0 0 0 1 0 0 0 0 0 1
0 1 1 1 0 0 0 0 0 0 0 1 1 0 0 0 1 1 1 1 1 0 0 0 0 0 0 0 1 1 1
0 0 0 1 0 0 1 1 0 0 0 0 1 0 1 0 0 1 1 1 1 0 0 1 1 1 0 0 1 0 0
1 1 1 0 1 1 1 0 0 0 0 1 1 1 0 0 1 0 0 1 1 1 1 0 1 1 0 0 0 1 0
0 0 0 0 0 1 1 1 1 1 0 1 0 0 0 0 1 1 0 0 1 1 1 0 1 0 0 0 1 1 1
0 0 0 0 0 0 0 1 0 0 1 0 1 0 1 1 0 0 0 0 0 0 0 1 1 0 0 0 0 0 0
1 0 1 0 0 1 0 1 1 1 0 1 1 1 1 1 0 0 0 0 0 0 0 1 1 0 0 0 1 0 0
1 0 1 0 0 1 1 0 1 0 1 1 1 1 0 0 0 0 0 0 0 0 1 1 0 0 0 0 1 0 0
1 1 0 0 0 0 1 1 0 1 1 1 0 1 1 0 0 1 0 0 0 0 0 0 0 0 0 0 1 1 1
0 0 1 0 0 0 0 0 1 1 0 0 1 0 0 0 1 0 0 1 0 0 1 0 0 0 0 0 0 0 0
0 0 0 0 0 0 1 1 1 0 0 0 0 1 0 0 1 1 0 0 1 0 0 1 0 0 0 0 0 0 1
0 0 1 1 1 1 1 1 0 0 0 0 1 1 0 0 0 1 0 0 1 0 0 0 0 0 0 0 0 0 0
0 0 1 0 0 0 1 1 0 0 0 0 0 0 0 0 0 1 0 0 1 0 1 0 1 0 1 0 1 1 1
0 0 0 0 0 0 1 1 0 1 0 0 1 0 1 1 0 1 0 0 1 0 0 1 1 0 1 1 0 0 0
0 1 0 1 0 0 0 0 0 0 0 0 0 0 0 1 1 1 0 1 1 0 0 0 0 1 1 0 0 0 0
1 1 1 0 0 0 0 1 1 0 0 0 0 0 0 0 0 1 1 1 0 0 0 0 0 1 1 1 1 0 0
6 5
>vv<<
>^v^<
>^v^<
>^v^<
>^>^<
>^^^<
0 0 0 0 0
0 1 1 1 0
0 0 1 1 0
0 0 1 1 0
1 1 1 0 0
0 0 0 0 0
10 100
v<<v<<v<>><<v>>>>>><<<>vv<<<><v<><>>v<><vvv>><><>v>>>>>vv<<v><<><><>><><vvv>>>v<v<vvv<v>vvv>>v<>v<vv
^<<v<^v<<<v<v>^^>>^>>^>v<<>^><>>v^^v>v^>^^<v<vvvv>>>^^><><^<<<><v<>>v^<>^<vv^>v<><v<><<>v>v^>^v<^^><
>^^vv^><vv<<>>>>v<^^<>v>>><^<>^<vv^>^^^>v<<><<>>^^<v>v<<v^^v>^<v><<><^>^>^^<>^<<v><vvv<^<v^^^>><><><
^><^vv>^<v>>><><^>^v<<vv^v<^>><<<^v>v<>^^vv>v>^>>><^<<<><<<v>v^<>>vv^<^>v<v^^v^>>>^>>vv<<><>^^>^^><v
v>^><v>v<v>^>v<v<v<vv<<^><v^<^v><^><vv^v^^>>v>>^^<<>^>vv<^^<vvv^<<<vv<^><><<v>>^<><^>^>vv<>>v<v<<v<<
^<>v>>v><>^<<v<<vv><^>^vv><>>><><<<<^<v^^v<v<v^>^>v^v<><^<^>^v<vv>>>v^^v<<><<^<<><v<vv<><^^^v>^^>>><
v<^^^^>^v^vv<^vvvv<<v^>^^^^vv<^>><v<>vvv^<<^>v^<v<>v<<<vvv>v^v>vvv>>^<^<>>>v<^v>>^^vv>>><^<v><<<^^><
v<>^>v^v^><><<v>v><<^^<<v<<v^vvv^v<^v>^<v><^^>^^>^v^>vv>v<<><v<v<><<^<^><><>v>>^<>^<<>><^vvv<<^^<>^v
>^<>vvv<v<<>^v<v^vv^^<v^^^>v<><<>^<v>>^v<>vv>><^><v<>v<>^>>^>^<<^<^vv>^><v<>vv^^<vvvvv<^<<v<>>v<>>vv
>^^<<><<^><^^^>><><>>><><>^>><<<<>^<<<^<><><>^>><<><<^<^^^^><^<>^^>^^^^^>><>><<^>^<<^><^^>><^^<<^^><
0 0 0 0 0 0 1 0 1 1 0 0 1 0 0 0 0 0 0 1 1 1 1 1 1 1 1 1 0 1 1 1 1 1 1 0 1 0 0 1 1 1 0 0 1 1 1 0 0 1 1 1 0 0 0 0 0 1 0 1 1 1 0 1 1 1 1 1 1 0 1 0 0 0 0 1 0 0 0 1 1 0 0 1 1 1 1 1 0 0 0 1 1 1 0 0 0 0 0 1
1 0 1 1 1 0 0 1 0 0 0 0 0 0 0 0 0 0 0 0 0 0 0 1 0 0 0 0 1 0 0 0 0 1 0 0 1 0 0 0 1 0 1 0 1 0 1 0 0 1 0 0 0 0 0 1 0 1 0 1 0 1 1 0 1 0 0 0 1 1 1 0 1 1 0 1 1 0 1 1 1 0 0 1 1 0 0 1 0 0 0 0 0 1 1 0 1 0 0 1
0 0 0 1 1 1 0 1 1 0 0 0 0 0 0 0 0 1 1 1 1 1 0 1 0 1 1 0 1 0 0 0 1 1 1 0 0 1 0 1 1 0 0 1 1 0 1 1 1 0 0 1 1 0 0 0 0 1 0 0 0 1 0 0 1 0 1 1 0 0 1 0 0 1 1 1 1 1 0 1 0 0 1 0 0 0 0 1 0 0 1 0 0 0 1 0 1 0 1 0
1 0 1 0 0 1 1 1 1 0 0 0 0 1 1 0 1 0 0 1 1 1 1 1 1 1 1 1 1 0 1 1 1 0 1 1 1 0 1 1 0 1 1 1 1 0 1 0 0 1 0 1 0 0 0 0 1 1 0 0 0 0 0 0 1 0 0 0 0 1 1 0 0 1 1 0 0 1 1 1 1 1 0 1 0 0 1 1 0 1 0 0 0 0 0 0 0 0 1 0
1 1 1 0 1 0 0 1 1 1 0 1 0 0 1 1 0 0 1 1 0 1 1 1 1 1 0 1 1 0 1 1 0 0 1 1 0 0 0 1 0 0 1 1 0 1 1 1 0 0 0 1 0 0 0 1 1 1 0 0 0 0 0 1 1 0 0 1 1 1 1 0 1 1 0 0 0 1 0 1 1 0 1 1 0 1 1 0 1 1 0 0 0 0 1 1 0 1 1 1
0 0 1 1 0 0 1 1 1 1 1 0 0 0 1 1 1 1 1 1 1 0 0 1 1 1 1 1 1 1 0 0 1 1 0 1 1 0 0 0 0 0 0 1 0 1 0 1 0 1 1 1 0 0 0 1 1 0 0 0 1 1 1 1 1 0 0 1 0 1 1 1 0 1 0 1 0 0 0 0 1 0 1 1 1 1 1 1 1 1 0 0 0 0 1 1 1 1 0 1
0 1 0 1 0 0 0 0 1 1 0 1 1 1 0 0 0 1 0 1 0 0 1 1 1 0 1 0 1 0 1 1 1 1 0 0 0 0 1 1 0 0 0 0 0 0 1 1 1 0 1 1 1 1 0 0 1 0 0 0 0 0 0 0 0 1 0 1 1 0 0 0 0 0 0 1 1 1 1 0 0 0 1 1 0 1 0 1 1 0 0 0 0 1 1 0 1 0 0 1
0 1 0 0 0 0 0 1 1 0 1 1 1 1 0 0 0 0 1 1 1 0 1 1 1 0 1 0 0 0 1 0 1 1 0 0 0 1 0 0 0 0 1 1 1 1 0 0 1 1 1 1 1 1 0 0 1 1 0 0 1 0 0 0 0 1 0 1 1 1 1 0 1 0 1 1 0 0 0 0 0 1 0 0 0 1 1 0 1 0 1 0 0 1 1 0 0 0 1 1
0 1 0 0 0 0 0 1 1 0 1 0 0 0 0 0 1 0 0 0 1 0 1 1 1 0 0 0 0 0 1 0 0 0 1 0 0 0 1 0 1 0 0 0 1 0 1 0 0 1 0 1 1 1 1 1 0 0 1 1 1 1 1 0 1 0 1 1 0 0 1 1 1 0 0 1 1 0 0 0 0 1 1 0 0 1 1 0 0 0 1 1 0 1 1 1 0 1 0 0
1 1 1 1 0 0 1 0 0 0 1 0 1 1 0 0 1 1 0 1 1 0 1 1 0 0 0 0 1 1 0 0 1 0 0 0 0 0 0 0 1 1 0 1 0 1 0 1 0 0 0 1 1 0 0 1 1 1 1 1 1 1 0 0 0 0 1 1 1 1 1 1 1 1 0 0 1 1 0 0 0 0 0 1 1 0 1 1 0 0 1 1 1 1 0 0 0 1 1 0
31 32
v<<<<<vv>>v<v<<vvvvv>>v<v<<<v>>v
^<<^^<>>><<<v<<vv<^>>^>v>^<vv>vv
v<>>><>>>^^<vvvvvv^^^>^<^<<v>>v<
>^^^<^>^>^^^>>vvvvvvv<<v>^<<^^<^
^^vvvv>^^^^<^^v>^<>>vvv<^^<^><<<
^^>v<v^>>^^<>><^<<>>>>v<^^<<^vvv
^<^>^v^^>^^^v<<^<^^>^^<^<<>v^<<<
^^vvvv^>>^^<v<<v<>vvvv>v<vvv^^^<
^^vvv^<<<<<<vvvv^v>vvvvvvvvv^^^^
vv>>>v<<<v<<vv<>^>>>^<>vvvvv^^<^
>v>v>>vvvv^^^<v^^v>v>v>v<<>v^^<^
^<>>>^<<<v<^^<<^<v>vvv>>v^>>>><v
v<<v>v>>vv^<>>v^<>>>>v>^>^>>^^<v
><v<>v>>^v^^>>>v<^^^^^^^^<>>>vvv
^<<<>vv>v^^^>^^>v^>>^^>^^^>>^vvv
vvvvv^>>>>v<>^^>v^>>^^>vv<>^^^vv
vvv^>^^^^>>^>>^^<<v<vvvv<v>^^<^v
>v<^>^v>v>>>>vv>vv>^<<>v<<^^<^^v
>v<v^^>^<^^>^>^^<<^^<<^v<^>v<<^v
>^^v<<^^^>vv>>vvv<^<^^>^^<vvv<<^
^^<vvv>^^vv>>>v<<<^<<^>^^^v>vvv<
vvvv<<<v<v>>>>v<v<v>>v>^<^>^<<<<
>>v>>vvvvvv>v>v<<<vv>vv<v>vv>>v<
vvv^<>>><>>>>><^<<vv>v<vvvv^vvv<
>v>v<vvvv>vv>>v<<v>><<<<>>>^v>v<
v>^v<vv<<^>v^><<^>vv<vv<vvvv>vv<
>>^<<>v<<>^^>^^<^>>>^<<<>><vvv<<
^>>^<>^^<>>^vv>v<^^^^<<<^^^v^<<<
>>^^<>vv>v>vvv>>^^^^^<^^v<<^<<<<
^>>^<>>vv<^^>v>^<>^<<^<<^^^^>^^<
^^^^<^^<>^><^<><<<<>>>><^^^>^^<^
1 0 0 0 0 0 0 0 1 0 0 0 0 0 0 0 1 1 1 1 0 1 1 0 1 0 1 0 0 0 0 0
0 0 0 1 1 1 0 1 1 0 0 0 0 0 0 0 1 0 0 0 0 1 1 0 1 1 0 1 0 0 0 0
1 1 0 1 1 0 0 0 1 0 0 0 0 0 0 0 1 0 0 0 1 1 0 0 0 0 0 1 1 1 0 0
0 0 0 0 0 0 0 0 0 1 1 1 0 0 0 0 1 0 0 0 1 0 0 0 0 0 0 1 0 0 0 0
0 0 0 0 0 0 0 0 0 0 0 1 1 0 0 0 0 0 0 0 1 0 0 0 0 0 0 0 1 0 0 0
0 0 0 0 0 0 0 0 0 0 0 1 1 1 0 0 0 0 0 0 1 0 0 0 0 0 0 1 1 0 0 0
0 0 0 1 0 0 0 0 0 0 1 1 0 0 0 0 0 0 0 0 0 1 0 0 0 0 0 0 0 0 0 0
0 0 0 1 1 1 1 0 0 1 1 0 0 0 0 0 0 0 1 1 1 0 0 0 0 0 0 0 0 0 0 0
0 0 0 0 0 0 0 0 0 0 1 0 0 1 1 1 0 1 1 0 1 0 0 0 0 0 0 0 0 0 0 0
1 1 0 0 0 0 0 0 0 0 1 0 0 0 0 1 1 1 0 0 0 0 0 0 0 0 0 0 0 0 0 0
0 1 0 0 0 0 0 0 0 0 1 1 1 0 0 0 0 1 1 0 0 0 0 0 0 0 0 0 0 0 0 0
0 1 0 0 0 1 0 0 0 0 1 0 0 0 0 0 0 0 1 0 0 0 0 0 0 0 0 0 0 0 1 0
1 0 0 1 1 1 0 0 0 0 1 0 0 0 0 0 0 0 1 0 0 0 0 0 0 1 0 1 0 0 1 1
0 1 1 0 0 0 0 0 1 0 1 1 0 0 1 0 0 0 1 1 1 1 0 0 0 0 1 1 0 0 0 0
1 0 0 1 0 0 0 0 1 1 0 0 0 0 1 1 0 0 1 1 0 1 1 0 0 1 1 0 0 0 0 0
1 0 0 1 1 1 0 0 1 0 0 0 0 0 0 0 1 0 1 1 1 1 1 1 1 0 0 0 0 1 0 0
0 0 0 0 0 0 0 0 0 1 1 0 0 0 1 0 0 0 1 0 1 1 0 0 1 1 0 0 0 1 1 0
0 0 0 0 0 0 0 0 1 0 0 1 0 1 1 0 0 0 0 0 0 0 0 0 1 0 0 0 0 0 1 1
0 0 0 0 0 0 0 0 0 0 0 1 0 1 1 0 1 0 0 0 0 0 0 1 1 0 0 0 0 0 0 1
1 1 0 0 0 0 0 0 0 0 0 0 0 1 1 1 1 0 0 0 0 0 0 0 0 1 0 0 0 0 0 0
1 0 0 0 0 0 0 0 0 0 0 1 0 1 0 0 0 0 0 0 0 0 0 0 1 0 0 0 0 0 0 0
1 0 0 0 0 0 0 1 0 0 0 1 1 1 0 0 0 0 0 0 0 0 0 0 1 1 0 0 1 0 0 0
0 1 0 0 0 0 0 0 0 0 0 0 1 0 0 0 0 0 0 0 0 1 0 0 0 1 1 0 1 0 0 0
0 1 0 0 0 0 0 0 1 0 0 0 0 0 1 1 0 0 0 0 0 0 0 0 0 0 1 1 0 0 0 0
1 0 0 0 0 0 0 0 0 0 0 0 0 0 1 1 0 0 0 0 1 1 0 0 0 0 0 0 0 0 1 0
0 0 1 0 0 0 0 1 0 0 0 0 0 0 1 1 0 0 0 0 0 1 1 1 1 0 0 1 0 0 0 0
0 0 1 0 0 0 0 1 1 1 1 1 0 0 0 1 1 0 1 0 1 1 0 0 0 0 1 1 1 0 1 1
1 1 1 0 1 1 1 1 0 0 0 0 0 1 0 1 0 0 1 1 0 0 0 0 1 0 0 1 0 1 1 0
1 0 0 1 0 0 0 0 0 0 0 1 0 1 0 0 0 0 0 1 1 0 1 1 1 0 0 0 0 0 0 0
0 0 0 1 0 1 1 1 1 0 0 1 1 1 0 0 0 0 0 0 1 1 1 1 0 1 1 0 0 0 0 0
0 0 0 1 1 1 0 0 0 0 0 1 0 0 0 1 1 1 0 0 0 0 0 1 1 0 1 0 0 0 0 0
32 31
v<<v<<<v<<v<>>>>>>v<vv<>v>>>v<<
vv<<<<vv<v<v>>>>><<<<<<v>v>vv<v
vv<<v<<<<v<v^^>>^>^<<^<>>>>v<<<
vvv<v<<<v<v<>^>^^^^^<^^^>>^^^<^
v<v<<vvvv<v<^>^^^^^<<^<^>^>>^^^
v<<v<<<vv<<<^>^>>>^<^<<^>^^^^<^
vv<vv<<<vvvv^>>^^^^<<^<^>>^^^^<
v<v<vvvvvvv<^^^>>^^^<<^>vvvvvvv
>vvv<<<<vvvv^^>>^^^^<<<>vvvvvvv
^<vvv<<vv<v<>>>>^>^<^<^>v>vv<vv
>^<<<<<<<<<<^^^>>>^<^^^v>vv<<<v
>>vvv<vv<vvv>>>^>>^<^<<vvvvvv<v
>vv>v<v<vv<v>v>v>><vv<v>>vvv<<v
>>v>vvvvvv<<>>v>^<vvvvvv>>v<vvv
>>v>v<<<<vv<v>>>>^vvvvv>><<<<<v
>v>v>v<<<<<<>>>^<<<<<<vv>>>vv<v
>>>>^<<^<^^<>^^>^^^^<^v>v>><vv^
^^^>^<^^^^^<^>^^>^<<<^>>v>v^<vv
^>>>^^^<^<<<^^>>^^^^<<>>>>>^<<<
>^^^^<^^<^<<vv<<v<vv<v^^>>^^<<^
^>^^^<<<^<^^>vv<v<vv<v^^>>^<^^<
>^>^^<^<<^^^>vv<<v<vvv^^>>^^^^^
^^>^^<<^^<<^>v<vv<v<vv^>>^^<^<<
>^^>^^^<<^<^vv<v<v<<vv^^^^^<^<<
>^>^^<<^<<<^>vv<v<<<vv^>^^^<^<^
v>>>v>vvvv>v>><<<<<<<>>>>><<<<<
v>>vv<v>>>>v^^^^^<^<^v<v<v>v>v<
v>vvv>vvvvvv>^<<<<^^^^^v<<>vv>v
^<v<<vvv>>vv>^<<<^^<<>^v<v>>>^<
^<<^^<<>v>vv^^^^<<^<^>^<<<^^^^<
^>^^^>^>>>>>>>>>>>>>>^^^^^>^^^<
^^^<>^^^>>^>^^>>>>>>^>^^^^^^^^<
0 0 0 0 0 0 0 0 1 0 0 0 0 0 0 0 0 0 0 1 0 0 0 0 0 0 0 0 0 0 0
0 0 0 0 0 0 0 0 0 0 0 0 0 0 0 0 0 1 1 1 0 0 0 0 0 0 0 0 0 1 0
0 0 0 0 0 0 0 0 0 0 0 1 0 1 0 0 0 0 0 0 0 0 0 0 0 0 1 1 1 1 1
0 0 0 0 0 0 0 0 0 0 0 0 0 0 0 0 0 0 0 0 0 0 0 0 0 0 0 0 0 0 1
1 0 0 0 0 0 0 0 0 0 0 0 0 0 0 0 0 0 0 0 0 0 0 0 0 0 0 0 0 0 1
0 0 0 0 0 0 0 0 0 0 0 0 0 0 0 0 0 0 0 0 0 0 1 0 1 0 0 0 0 0 1
0 0 0 0 0 0 0 0 0 0 0 0 0 0 0 0 0 0 0 0 0 0 0 0 0 1 0 0 0 0 0
0 0 1 0 0 0 0 0 0 0 1 0 0 0 0 0 0 0 0 0 0 0 0 0 1 1 1 1 1 1 1
1 0 0 0 0 0 0 0 0 0 0 0 0 0 0 0 0 0 0 0 0 1 1 0 1 0 0 0 0 0 0
0 0 0 0 0 0 0 0 0 0 0 0 0 0 0 0 0 0 0 0 1 1 1 0 1 0 0 0 0 0 0
0 0 0 0 0 0 1 1 1 0 0 0 0 0 1 1 0 0 1 1 0 0 0 0 0 0 0 0 0 0 0
0 0 0 0 0 1 1 0 1 1 0 0 0 0 1 1 0 0 1 1 0 1 0 0 0 0 0 0 0 0 0
1 0 0 0 0 1 0 0 0 0 1 1 1 0 0 0 1 1 0 0 0 0 0 0 0 0 0 0 0 0 0
0 0 0 0 0 1 0 0 0 0 0 0 0 0 0 0 0 1 0 1 0 0 0 0 0 0 0 0 0 0 0
0 0 0 0 0 1 0 0 0 0 0 0 0 0 0 0 0 1 0 0 0 0 0 0 0 1 1 1 1 0 0
0 0 0 0 1 1 0 0 0 0 0 0 0 1 1 1 0 1 0 0 0 0 0 0 0 0 1 0 1 0 0
0 1 0 0 1 1 1 0 0 0 0 0 0 1 0 1 1 1 0 0 0 0 1 0 0 0 1 0 1 0 1
0 0 1 0 0 1 0 0 1 0 0 0 0 1 0 0 0 0 0 0 1 0 0 0 1 1 0 0 0 1 0
0 0 0 0 0 0 0 0 0 0 1 0 1 1 1 0 0 0 0 0 0 0 0 0 1 1 1 0 0 0 1
0 0 0 0 1 0 0 0 1 1 0 0 1 0 1 0 0 0 0 0 0 0 0 0 0 0 0 0 0 0 0
0 0 1 0 0 0 0 0 1 0 0 0 1 1 1 0 0 0 0 0 0 0 1 1 1 1 0 0 0 0 0
0 0 0 0 1 0 0 1 0 0 0 1 1 0 0 0 0 0 0 0 0 1 0 0 0 1 0 0 1 0 0
0 0 0 0 0 0 0 1 0 0 0 0 0 0 0 0 0 0 0 0 0 1 0 0 0 0 0 0 0 0 0
1 0 0 0 0 0 0 1 0 1 0 0 1 0 0 0 0 0 0 0 0 1 0 0 0 0 0 0 1 0 0
1 1 0 0 0 0 0 1 0 0 0 0 1 0 0 0 0 0 0 0 0 1 1 1 1 1 0 0 0 0 0
1 1 0 0 0 0 0 0 0 0 0 0 1 1 0 0 0 0 0 0 0 0 0 0 0 1 0 0 0 0 0
0 1 0 0 0 0 0 1 0 0 0 0 0 0 0 0 0 0 0 1 1 1 0 0 0 0 0 0 0 0 0
1 1 0 0 0 0 1 0 0 0 0 1 0 0 1 0 0 0 1 1 0 0 0 0 0 0 0 1 0 0 0
0 0 1 0 0 0 0 0 0 0 0 0 0 0 0 0 0 0 1 0 0 0 0 0 0 0 0 0 0 1 1
0 0 1 1 0 1 0 1 0 0 1 0 0 0 0 0 0 0 1 0 0 0 0 0 0 0 0 0 0 0 0
0 0 0 0 1 1 0 0 0 0 0 0 0 0 0 0 0 1 1 0 0 0 0 0 0 0 1 0 0 0 0
0 0 0 0 0 0 0 0 0 0 0 0 0 0 0 0 0 0 1 0 0 0 0 0 0 0 0 0 0 0 0
20 50
vvvvv>vvvv>>><vvvv<v<<><<>>>><<<<<vv>>v<<vv>vv<<vv
^>>vv^<<v^>><<>>v<<>^^>>>v>v<>vv>v>vv>vvvvv><<<<<^
v>>v<^<<<v>vvv^>>v^vvv>^><^<<><<^^v<vv<vv><vvvv><^
v^^^^vv>v>>>^^>>^>^>vv^>>^v>v<<<^^>^>>^<<^<v><<vvv
><<<<vv>><<v<v^>^^<v<^>>^^v>v^<^<>>>vvv<>vv^^<<^v<
vvvv<vvv<<<>^vv<>vvv^^>>^^vv<^<<<v>vv^<<^v^<^^^^>^
>v<>v^vv^<^^^vvvvvv^<^<<<v^>^^^^^v>>v>v<>^^^<<v^>v
^^<^<vvv^<<<<v<<vv>v>>>v<><>v>vvv>vvv^v^<v^^^^vv>^
^<^><<^v^<^<<v<v>v>v^^>^<>vv>vvvv>>>v^<<<<>^^<vv>^
^^<^<<vv^^<^<><<vv<v>^<^^^<>>>>^^>v>v^<<^<^^^^v^>^
v>v^^<^^<<<<^^<^>v>^^^<^<^^>^^^^v>><<^<^^<v><<vv^^
>>>>><^>v>v><<<v>>>^vvv>v^^>^^^<v>v^^^^^<^v>^<^>>v
^>^^^^^^<^<^^^<>>>v<v>>vvv>><<<<^>vv^^^^<^^>^<<^^^
>v<>vvvv<^<>v<<>^^v^^>>vv^>vvvvv<>>>^>><><<>^<<>^^
^<<>vvvv<vv>v<<^>>^^^>vvvv>v<^>v<>v>><vvv>><v<v>^^
^^^>^>vv<<^^<^<vvvv<^vv<<^vvv^><^^v^<<vvv>v<v<<v><
>vv><><<<<v^^^^^vvvvv>>>^v>v<^vvv^<^^<>vv^<<^^^^>^
^<^><<<>v<>>v<<v^>>vv^^^<^>>^^>vv^^^<<vv<>vv><v^>^
>^^^^^<^>^>>v>^v<>^<^<>>><v<vvvv<<v^^<v><>>v>v^>v<
^^>><><<<^>>>^^^^<<v^^^^^^>^<^^<^<><<<>^<>>^^<^^<^
0 1 1 1 0 1 1 0 0 0 0 0 1 0 1 1 1 1 0 1 1 0 1 0 0 0 0 0 1 0 0 0 0 0 0 0 0 0 1 0 0 0 0 1 1 0 0 0 0 1
1 1 0 1 0 0 1 0 1 1 0 1 0 0 0 0 1 0 0 0 0 0 0 0 0 1 1 1 0 1 0 0 0 1 0 1 1 0 1 0 0 0 0 1 1 0 0 0 0 0
0 0 0 1 0 0 0 0 0 0 1 1 1 1 0 0 0 0 0 0 0 1 0 0 1 0 1 1 0 1 0 0 0 0 0 0 0 1 1 0 0 0 1 0 0 1 0 0 1 1
1 0 0 0 0 0 0 0 0 0 0 1 0 0 0 0 0 0 0 0 0 1 0 0 0 0 0 1 0 0 0 0 0 0 0 1 0 1 1 0 0 0 1 0 0 1 1 0 1 0
1 0 0 0 0 0 0 1 1 0 1 1 0 0 0 0 0 0 0 0 0 0 0 0 1 1 0 1 0 0 0 0 0 0 0 0 0 0 1 0 0 0 0 1 1 0 1 1 1 0
0 0 1 0 0 1 1 1 0 0 1 1 0 0 0 0 0 0 0 0 0 0 0 1 1 0 1 1 0 0 0 0 0 0 0 0 1 1 0 0 0 0 1 1 1 0 1 1 0 0
1 1 1 1 0 1 1 1 1 1 0 1 1 0 0 0 0 0 0 1 0 1 0 1 0 1 0 0 0 0 0 0 0 1 0 1 0 1 0 0 0 1 0 1 0 0 1 1 0 1
1 0 0 0 1 1 1 1 0 1 1 0 0 1 1 1 0 1 1 0 0 1 1 1 0 1 0 1 0 0 0 0 0 1 0 0 0 1 0 0 0 0 1 1 0 0 1 0 0 0
0 0 0 0 1 1 1 1 1 0 0 0 0 0 1 1 1 0 1 1 0 0 0 0 0 0 1 1 1 1 1 0 1 1 0 1 0 1 0 0 1 0 1 0 0 0 1 1 0 0
0 0 0 0 0 0 0 0 1 1 1 1 0 0 1 0 0 0 0 0 0 0 0 0 0 0 0 0 0 0 1 1 0 0 0 1 0 1 0 0 1 0 0 0 0 0 1 0 0 0
0 0 0 0 0 1 1 1 1 1 1 1 0 1 0 0 0 0 0 1 0 0 0 0 0 0 0 0 0 0 1 1 0 0 1 0 0 1 0 0 1 0 0 1 0 1 1 0 0 0
0 0 0 0 0 1 0 0 1 1 0 0 1 0 0 0 0 1 1 1 0 0 0 0 0 0 0 0 0 0 0 0 0 0 0 0 0 1 0 0 1 0 0 1 0 1 1 0 0 0
0 0 1 0 0 0 0 0 1 1 0 0 1 0 0 0 1 1 0 0 1 0 0 0 0 0 0 0 1 0 0 0 1 1 0 1 1 1 0 0 1 0 1 0 1 1 1 0 0 1
0 1 0 0 0 0 1 1 0 1 0 1 1 0 0 0 1 1 1 0 0 0 0 1 1 1 0 1 0 1 1 0 1 1 1 0 0 0 1 0 1 0 1 0 0 0 0 0 0 0
0 0 1 1 0 0 0 0 0 0 1 1 0 0 0 0 0 1 1 0 0 0 0 1 0 0 0 0 1 1 1 0 0 1 0 0 0 1 1 1 0 0 1 0 0 0 0 0 0 0
1 1 1 1 1 1 0 0 0 0 0 0 0 0 0 0 0 1 1 1 0 0 1 1 0 1 0 0 1 0 0 1 1 1 1 1 1 0 0 1 1 0 0 1 0 0 1 1 1 0
1 1 1 0 1 1 0 0 0 0 0 0 0 0 0 1 0 0 0 1 1 0 1 0 0 0 1 1 0 0 0 0 0 0 0 0 1 0 0 1 1 0 1 1 1 1 0 0 1 0
1 0 1 1 0 0 0 0 0 1 0 0 0 0 0 1 1 0 1 0 1 0 0 0 1 1 1 0 0 0 1 1 1 1 1 1 0 0 0 0 1 1 0 1 1 0 0 1 1 0
1 1 1 0 0 1 0 0 0 1 0 0 0 0 0 0 0 0 1 1 0 0 0 0 1 0 0 0 0 0 0 0 0 1 0 0 0 0 0 0 1 1 1 1 0 0 1 1 0 0
1 0 0 0 1 1 0 0 0 1 0 0 0 1 0 1 1 1 1 0 0 0 0 1 1 0 1 1 0 1 1 0 0 1 1 0 0 1 1 1 0 1 1 0 0 1 1 1 0 0
100 10
>vv<v<vvv<
vvvv<vvv<<
vv<v<vvv<v
>vv<v<<vvv
>v<<v<vvv<
vv<v<vv<vv
vvvv<<<<vv
vvv<v<<<vv
vv<<<<<<<<
^<v<v<<vvv
>^<<<<<<<<
>^<^<^<<^^
>^<<<<<^^^
>^<^<<^^<^
^^<^<<^<<^
>^<^^<^^<^
>^<<^<^^^<
^^<<^^<^<<
>^<^<^^<^^
^^<^^^^<<<
vvvv<v<vv<
v>^v<vvvv<
vv^<vv<vv<
>>^<<<<<<<
^^^^^<<^^^
>^^<^^<<^<
^^^^^^<^<<
>>^^<^<<^<
^^^^^<^<^<
>>^^<<^^^^
>>^<^^<^<^
^^^<<<<^<^
^>^^<<^^^^
^^^<<^^^^<
^^^<^<^^<<
^>^<<^<<^<
^>^<<<<^^<
^^^<<^^<^<
v<<v<<vvv<
v<^<<<<<<<
v>^^<<<^<<
v<^^^<<^^<
^^^^<<^<<<
^<<^<<^<^<
^<^<<^<<<^
^^<^<^<^^^
^^^^<<^^<^
^^<<^<^^<^
^^<^^<^^<^
^<^<^<<<<<
^<<^<^^^<<
^^^^<^^^<<
^^^<<<^<^<
^^^^<^^^<<
^<<<<^<^<<
^<^<<^<<^<
^^^^<^<^<<
^^<<<^^^<<
^^^<<<<^^^
^^<<^<^<^^
^<^^<<^<<^
^^<<^^<^<^
^<<^<<<<^^
^<^^<<<<<^
>vv>vv<v<<
v>v>vvvv<v
vv>>v<<<vv
v>vvvvv<<v
>v>vvv<<<<
>vv>v<v<<<
v>v>v<vv<<
v>>>v<<vvv
vv>vv<<<<v
v>>>vv<v<<
>>>vvvvv<<
>vv>vvvvv<
>vvvvvv<<<
>>>>v<v<v<
v>vvvv<vvv
>>>>vvv<<<
>>>>v<<<<v
vvvvv<<<<v
v>>v>v<<<<
>>>>^<<^^^
^>>^^<^^^<
^^^^^^<^^<
>>>^<^<<^<
vvvv>>>>vv
>>>>>>>>>v
>^^>>>^^^v
>>^v>>^v^v
>>>>>>>>v<
^>^^^^^^>^
>>^>>^^>^<
>^>^>^>>^<
>>^^>^^>^^
>>^>>^>^^^
>>>^>^^^^^
>^^>>^^^^^
^^^^^^^^^^
0 0 0 0 0 0 0 0 0 0
0 1 0 0 0 0 0 0 0 1
0 0 0 0 0 0 0 0 0 0
0 0 0 0 0 0 0 0 0 0
0 0 0 0 0 0 0 0 0 0
0 0 0 0 0 0 0 0 0 0
0 0 0 0 0 0 0 0 0 0
0 0 0 0 0 0 0 1 0 0
0 0 0 0 0 0 0 0 0 0
1 1 0 0 0 0 0 0 0 0
1 0 0 0 0 0 0 0 0 0
0 0 0 0 0 0 0 0 0 0
0 0 0 0 0 0 0 0 0 0
0 0 0 0 0 0 0 0 0 0
0 0 0 0 0 0 0 0 0 1
0 0 0 0 0 0 0 0 0 0
0 0 0 0 0 0 0 0 0 0
0 0 0 0 0 0 0 0 0 0
0 0 0 0 0 0 0 0 0 0
0 0 0 0 0 0 0 0 0 0
0 0 0 0 0 0 0 0 0 0
0 0 1 0 0 0 0 0 0 0
0 0 0 1 1 0 0 0 0 0
0 0 0 0 0 1 0 0 0 0
0 0 0 0 1 0 0 0 0 0
0 0 0 1 1 0 0 0 0 0
0 0 1 1 0 0 0 0 0 0
0 0 1 0 0 0 0 0 0 0
0 0 1 0 0 0 0 0 0 0
0 0 1 0 0 0 0 0 0 0
1 1 1 1 0 0 0 0 0 0
0 0 1 0 0 0 0 0 0 0
0 0 0 0 0 0 0 0 0 0
0 0 0 0 0 0 0 0 0 0
0 1 0 0 0 0 0 0 0 0
0 0 0 0 0 0 0 0 0 0
0 0 0 0 0 0 0 0 0 0
0 0 0 0 0 0 0 0 0 0
0 0 0 0 0 0 0 0 0 0
0 0 0 0 0 0 0 0 0 0
0 0 0 0 0 0 0 0 0 0
1 0 0 0 0 0 0 0 0 0
0 0 0 0 0 0 0 0 0 0
0 0 0 0 0 0 0 0 0 0
0 0 0 0 0 0 0 0 0 0
0 0 0 0 0 0 0 0 0 0
0 0 0 0 0 0 0 0 0 0
0 0 0 0 0 0 0 0 0 0
0 0 0 0 0 0 0 0 0 0
0 0 0 1 0 0 0 0 0 0
0 0 0 0 0 0 0 0 0 0
0 0 0 0 0 0 0 0 0 0
0 0 0 0 0 0 0 0 0 0
0 0 0 0 0 0 0 0 0 0
0 0 0 0 0 0 0 0 0 0
0 0 0 0 0 0 0 0 0 0
0 0 0 0 0 0 0 0 0 0
0 0 0 0 0 0 0 0 0 0
0 0 0 0 0 0 0 0 0 1
0 0 0 0 0 0 0 0 0 0
0 0 0 0 0 0 0 0 1 0
0 0 0 0 0 0 0 0 0 0
0 0 0 0 0 0 0 0 0 0
0 0 0 0 0 0 0 0 0 0
0 0 0 0 0 0 0 0 0 0
0 0 0 0 0 0 0 0 0 0
0 0 0 0 0 0 0 0 0 0
0 0 0 0 0 0 0 0 0 0
0 0 0 0 0 0 0 0 0 0
0 0 0 0 0 0 0 0 0 0
0 0 0 0 0 0 0 0 0 0
0 0 0 0 0 0 0 0 0 0
0 0 0 0 0 0 0 0 0 0
0 0 0 0 0 0 0 0 0 0
0 0 0 0 0 0 0 0 0 0
0 0 0 0 0 0 0 0 0 0
0 0 0 0 0 0 0 0 0 0
0 0 0 0 0 0 0 0 0 0
0 0 0 0 1 0 0 0 0 0
0 0 0 0 0 0 0 0 0 0
0 0 0 0 0 0 0 0 0 0
0 0 0 0 0 0 0 0 0 0
0 0 0 0 0 0 0 0 0 0
0 0 0 0 1 1 0 0 0 0
0 0 0 0 0 1 0 0 0 0
0 0 0 0 0 1 1 1 1 1
0 0 0 0 0 0 0 0 1 1
0 0 0 0 0 0 1 0 0 1
0 0 0 0 0 0 0 0 0 0
0 0 0 0 0 0 0 0 0 0
0 0 0 0 0 0 0 0 0 0
0 0 0 0 0 0 0 0 0 0
0 0 0 0 0 0 0 0 1 1
0 0 0 0 1 1 1 1 1 1
0 0 0 0 1 0 0 0 0 0
0 0 0 0 0 1 1 0 0 0
0 0 0 0 0 0 0 1 0 0
0 0 1 0 0 0 0 1 0 0
0 0 0 0 0 0 0 1 1 1
0 0 0 0 0 0 0 0 0 1
10 100
>vv>v>>vv>>>>vvvvv<vv>>v>vv<<<vv<vvvvvvvvvv<v<vvv<vvvv<v<v>>vv>v<vv<<v<vvvvv>v<<<<<<<<<v<v<<vv>v>vv<
vv>vvv>>vv>vvv>vvvvv<>>v>v<<v<<v<<vvvvvvv>v<v<<<<<<<<vv<v>v>>>vv<v<vvvvv<v>v>vvv<<<<v<vv<v<<vv>vv>v<
>>>>>>>>>>>>>v<<<<vv<>>>>vvv<v<<v<<<<v>>v>vv<v<vv<vv<vvvv>>>>>>v>v<<v<vvvv>vvv<<<<vv<vv<<<vvvv>>vvv<
>>>^>^^^>^>>^>^^<<<<<>>vvvvv<vv<v<<<vv>>v<v<<vvvvv<<v<<<<vv>>v>v<vvv<vvvv<vv>vv<v<v<v<<<vv<<<v>>vvvv
^^^^^>>^^^>^>^>>^<^^^>>>^<vvv<vv<<<v<vvvvvv<v<v<<<v<<<vvvvvvvv>v>vv<<<<vvv>>><<vv<v<v<<vvvv<vvvv>>v<
>^^>>^>^^>^>^^>>^^^<<>^^>^<<<<<<<<<<<<>vv>vv<vvvvvv<vvvvv>>vv>vv>vv<<<<<<v>>>^<<<<<<<<<<<<<<<>>>>>vv
>>^>>>>>^^>>>^^>^<^<<^^>^^<^^<<<^^<<<<>vv<^<<vvv<vvv<<<vvv>vvvvv>><<<<<<<<^>^^^<^<<^<<^^<<<^<>v>v>vv
^>^>>>^^>>^^>^^^^<<<<^>^>^<<^^^^<^<<<<v>>>^<<<<<<<<<<<<<<>>>>>>v>^<vvv^<^^^^>^<<<^<^^<^^^<<<<>>>><<v
>>^^^^>^^^>>^^<^^<<^^>^>>^^^<<^^^<^<<^>>^^<^<<<^^^^<<<<<<>>>^>>v>^<<<<<<<<^>^^^<^^<<^^^<^^^^<^>v>>^<
^^>^>^^>^^^>>^^>^<^^^>>^>^^<<<<<^<<^<^>^^^<<<<<<<^<^^<^<<^^^>>^>^<<^^<<^^<^^^^^<<^^<^<<<<<<^<>>>>>^<
1 0 1 0 1 0 0 0 0 1 1 0 0 1 1 0 0 1 1 1 0 0 0 0 0 0 0 1 1 1 1 1 1 0 0 1 1 1 1 0 0 0 1 1 0 1 1 1 0 0 0 1 0 0 1 1 0 1 0 0 0 0 1 1 0 1 0 1 1 1 0 1 1 1 1 0 0 1 1 0 0 1 1 1 1 0 1 0 1 1 0 1 0 0 0 1 1 0 1 1
1 0 1 0 0 1 0 1 1 1 0 1 1 1 1 0 1 1 0 0 0 0 1 0 0 1 0 1 1 1 0 0 0 1 0 0 1 0 1 1 0 1 0 1 1 1 1 1 0 0 0 0 1 1 1 0 1 0 0 1 1 0 1 0 0 0 0 0 0 1 0 1 1 0 0 0 1 0 1 1 0 1 1 0 1 0 0 0 1 1 1 0 1 1 0 1 0 0 0 0
0 0 0 1 1 1 1 0 0 0 1 1 0 1 0 1 1 1 1 1 0 0 1 1 0 1 0 1 0 0 0 1 1 0 0 0 1 1 0 1 1 1 0 1 0 1 1 0 1 1 0 1 1 0 0 1 1 1 0 0 1 0 0 1 1 1 0 0 1 0 0 1 1 0 1 1 1 1 0 1 0 1 0 1 0 0 0 0 1 0 0 0 0 1 1 0 0 1 0 0
0 1 1 1 0 0 0 0 0 0 1 1 1 1 1 1 1 0 1 0 0 0 0 0 1 1 1 1 0 1 1 1 0 0 1 1 0 0 1 0 1 1 1 1 1 1 0 0 0 1 1 0 0 0 0 0 1 1 1 1 0 1 0 0 0 0 0 0 0 0 0 0 1 1 1 1 1 0 0 1 0 0 0 0 1 1 0 1 1 0 0 1 1 1 1 0 1 0 0 0
0 1 0 0 0 1 1 1 0 0 0 0 1 0 0 1 0 0 1 0 0 1 1 1 0 1 1 1 1 1 1 1 1 0 0 1 0 0 1 1 0 1 1 1 0 0 0 0 0 1 0 0 0 1 1 0 0 1 1 0 1 1 0 0 1 0 0 0 1 1 1 1 1 1 1 1 1 1 1 1 1 1 0 1 0 0 1 1 1 1 1 1 0 1 1 1 0 0 1 0
1 0 1 0 0 0 1 0 0 0 1 0 1 1 1 1 1 1 1 0 1 0 0 0 0 1 0 0 0 0 0 1 0 0 1 0 0 0 0 1 0 0 1 1 1 0 1 0 1 0 1 0 0 1 0 1 0 0 1 1 0 1 1 0 1 0 0 1 1 1 1 1 0 0 1 0 0 0 1 1 1 1 1 1 1 1 1 1 0 1 0 1 1 1 0 0 1 0 1 1
1 1 1 1 1 1 1 0 1 0 1 0 1 0 1 0 1 0 1 0 0 0 0 1 1 0 1 0 1 0 0 1 0 1 1 0 1 0 0 0 1 0 1 1 0 1 0 1 1 1 1 1 1 0 1 1 1 0 1 0 1 1 1 1 0 1 1 1 1 0 0 1 1 0 0 0 1 1 1 1 0 1 0 1 1 0 0 0 0 0 0 0 1 0 1 0 1 1 1 0
1 1 0 1 1 1 0 0 0 1 1 1 0 0 0 0 1 1 0 0 0 0 0 0 0 1 0 0 0 1 1 1 0 1 1 0 0 0 0 0 0 1 1 0 1 0 1 1 1 0 1 1 0 0 1 0 0 1 0 1 1 0 0 1 0 1 1 0 0 1 1 0 1 1 1 0 1 1 1 1 1 1 0 1 0 0 1 1 0 1 1 1 1 0 0 1 1 1 1 0
0 1 0 1 1 1 0 1 1 1 1 1 0 1 1 0 0 0 0 1 0 0 0 0 0 0 1 1 0 0 1 0 1 0 0 1 1 1 0 0 0 0 1 1 0 0 1 1 1 0 1 0 1 1 1 0 1 1 1 0 1 0 1 0 0 1 0 1 0 1 1 1 0 1 0 1 0 0 0 0 1 1 1 0 0 0 0 0 0 0 0 0 0 0 0 1 0 0 1 1
0 0 1 1 0 1 1 0 0 0 1 1 1 1 1 0 1 0 1 0 0 1 1 0 0 0 1 0 0 1 0 0 0 0 0 1 0 0 0 0 1 1 0 0 1 0 1 1 0 1 0 1 1 0 0 1 1 0 1 0 1 0 1 0 0 1 0 1 1 1 0 1 0 0 1 1 1 1 1 0 0 1 0 1 0 0 1 0 0 0 1 1 1 1 0 1 0 1 1 1
