200
882
684
387
405
855
909
621
72
243
657
792
702
963
162
693
684
234
567
927
720
657
54
279
279
576
558
963
945
144
855
774
675
639
288
369
162
441
801
864
207
117
927
378
900
657
981
567
270
513
441
531
297
324
27
243
756
333
873
99
27
180
162
882
738
882
90
972
63
252
153
351
882
882
981
666
27
981
549
243
783
603
729
837
630
495
585
522
432
243
117
459
441
675
27
504
702
243
63
234
756
126
981
225
918
486
864
450
360
621
432
549
567
378
810
981
117
540
747
315
81
513
612
297
189
738
162
342
252
432
261
900
576
648
54
81
45
198
171
81
594
216
423
27
414
567
27
909
765
405
72
9
756
963
828
909
954
900
846
27
72
846
441
135
990
477
504
882
306
567
891
18
144
702
900
621
144
819
513
801
9
936
540
54
54
468
36
531
72
207
396
774
909
981
540
54
936
711
108
522
72
