98 980
76 760
43 430
45 450
95 950
101 1010
69 690
8 80
27 270
73 730
88 880
78 780
107 1070
18 180
77 770
76 760
26 260
63 630
103 1030
80 800
73 730
6 60
31 310
31 310
64 640
62 620
107 1070
105 1050
16 160
95 950
86 860
75 750
71 710
32 320
41 410
18 180
49 490
89 890
96 960
23 230
13 130
103 1030
42 420
100 1000
73 730
109 1090
63 630
30 300
57 570
49 490
59 590
33 330
36 360
3 30
27 270
84 840
37 370
97 970
11 110
3 30
20 200
18 180
98 980
82 820
98 980
10 100
108 1080
7 70
28 280
17 170
39 390
98 980
98 980
109 1090
74 740
3 30
109 1090
61 610
27 270
87 870
67 670
81 810
93 930
70 700
55 550
65 650
58 580
48 480
27 270
13 130
51 510
49 490
75 750
3 30
56 560
78 780
27 270
7 70
26 260
84 840
14 140
109 1090
25 250
102 1020
54 540
96 960
50 500
40 400
69 690
48 480
61 610
63 630
42 420
90 900
109 1090
13 130
60 600
83 830
35 350
9 90
57 570
68 680
33 330
21 210
82 820
18 180
38 380
28 280
48 480
29 290
100 1000
64 640
72 720
6 60
9 90
5 50
22 220
19 190
9 90
66 660
24 240
47 470
3 30
46 460
63 630
3 30
101 1010
85 850
45 450
8 80
1 10
84 840
107 1070
92 920
101 1010
106 1060
100 1000
94 940
3 30
8 80
94 940
49 490
15 150
110 1100
53 530
56 560
98 980
34 340
63 630
99 990
2 20
16 160
78 780
100 1000
69 690
16 160
91 910
57 570
89 890
1 10
104 1040
60 600
6 60
6 60
52 520
4 40
59 590
8 80
23 230
44 440
86 860
101 1010
109 1090
60 600
6 60
104 1040
79 790
12 120
58 580
8 80
