200
39
95
225
83092
2733
90720
92565
9
621
9
9
1
73283
72
4959
6246
5
387
2
88254
58653
144
828
64751
54
70002
4
792
9
468
72
729
63
36
905343
716094
9314
8
55989
4635
370116
23355
4302
3
58446
1476
654129
639
45
963
680220
97335
51876
99
9
9
625230
828477
783
5427
6255
914980
45435
55
783
5724
7452
9
195329
279
16128
459
308277
5
694809
253809
17077
40284
451737
72
81657
65385
3915
107262
9
327505
46
9
8991
956047
18
36450
610767
45
308030
3933
686574
52
6823
14189
68652
72
88
54
890
8568
72
8
547
311739
5328
711
73152
81
45
18
855441
23670
491697
497250
9
3
71
9
126
18378
52562
1563
2527
29466
8082
9909
234
66276
1
967566
991923
660285
972
9
80540
567
69931
403237
11295
45
92243
2106
5544
27
594
825741
8982
10071
8145
119259
769095
29700
398
23517
61677
122175
486
9
27
56
15759
5768
7722
41
82
531270
9
27612
572553
214272
198
9
6237
843957
15894
16821
765198
4
747
479
9
39375
558486
36
8
9
53460
423
654291
824049
576
5
72
765
