NONE
NONE
253 28
NONE
NONE
91216 496
93061 496
10 1
712 91
10 1
10 1
NONE
NONE
127 55
5014 55
6301 55
NONE
415 28
NONE
89200 946
60544 1891
172 28
1018 190
NONE
82 28
70030 28
NONE
820 28
10 1
523 55
127 55
820 91
91 28
64 28
NONE
717040 946
NONE
NONE
60175 4186
5041 406
370612 496
23410 55
4330 28
NONE
59041 595
1504 28
656020 1891
730 91
73 28
1018 55
682111 1891
100036 2701
52012 136
100 1
10 1
10 1
627121 1891
831403 2926
811 28
5923 496
6310 55
NONE
NONE
NONE
811 28
6130 406
8047 595
10 1
NONE
307 28
16624 496
514 55
309223 946
NONE
700165 5356
254305 496
NONE
40312 28
452233 496
127 55
82153 496
66331 946
4006 91
108208 946
10 1
NONE
NONE
10 1
10072 1081
NONE
46 28
37045 595
611020 253
73 28
NONE
4024 91
700435 13861
NONE
NONE
NONE
70543 1891
127 55
NONE
82 28
NONE
9064 496
127 55
NONE
NONE
NONE
5824 496
802 91
74530 1378
109 28
73 28
46 28
861112 5671
24166 496
500608 8911
500176 2926
10 1
NONE
NONE
10 1
154 28
19324 946
NONE
NONE
NONE
30844 1378
8110 28
10045 136
262 28
67222 946
NONE
NONE
NONE
661231 946
1027 55
10 1
NONE
622 55
NONE
NONE
11323 28
73 28
NONE
2134 28
6139 595
55 28
622 28
830206 4465
9010 28
10126 55
8200 55
120340 1081
770041 946
30025 325
NONE
24220 703
62002 325
122203 28
514 28
10 1
55 28
NONE
16012 253
NONE
8218 496
NONE
NONE
532216 946
10 1
28108 496
580303 7750
214300 28
226 28
10 1
6733 496
861535 17578
16030 136
17011 190
771193 5995
NONE
802 55
NONE
10 1
40600 1225
561412 2926
64 28
NONE
10 1
54055 595
451 28
660286 5995
831430 7381
604 28
NONE
127 55
820 55
