200
17126632530162225
916123764
51962630572
58079754593109234
59159595837262
569990105833203486
7337872035
9
17928
7567708128111
39969
840429632167
751077765684
93162939862018473
72466488
3787920
133177212
279533925187497
947336429933701947
94
424782017292819411
4857303969
77937748563505302
93555675081
54420
4974039
2223117
60039
17354763
68952
1481500206
901163322
34997247
23051240789045139
55775823391818
642217843094979644
261
135810
5279057568198
630095206
41002109126669160
986
713664303027697665
72
85795002
572359
744258195
8929665
21861
73910973442
82584168606411813
114293194485489667
540
708618120
40662749800998
108359507095551
18
449848637712
9
157166501426223570
9
290655
48247401044477403
4615883316
39860205957
2829405764
99335124117121119
9
148455099543471498
72103923443
1632
24156
844
3141
7245
87415466680772748
302427
256678666789163535
333833320546635852
168236238911466969
762371504145
4614501423469
43425
99097809839647254
34138
36
42840630
9
9116896382960506
486
252
41364655587
2351277045
9050536362769047
18414
199
5693087179983006
684952864338
36
108810
83
1826533633095
88995390950453
22779308898
4122297
3889010408875
905319
948
162718578692379
8936363044483227
69657
8550765328383829
68960690868
443494041601671666
94546773176004
74527162732
763776
95443393328093736
80316344808
398
94635
127819844415
42227628098537667
494423441478
702139117573467
99
56016242731633518
7207289092397097
78682240062262420
74258010795710150
35688915
885003697790784
382
159532938
680696319450285
910722600
620896014310212
1439344296
35035042051170
8772341776693344
36
644539728018555
1371789
84825
74962448023860
87971737315707
2058075
9639
719268525
771
89784
8170241825016
621
552980663694
44559650
5434325743390267
2318472
3459862224
981038792414549
3565511181
85242414300
9
9
2391432136029954
656597799985238073
7919163
1708921397979
44
5910549993424
27
9
1078
4082742
88967048576704702
217081824869
15090630375
88719525
693
386
382080211151553
61864461189
34271
8
63174598410777975
9
37399990357856
879754699945125
1350581382432
722898
45
4608266775248967
30533166720603
9484
93453377861921643
8905706862001
283212135487995597
1842630171561
760196710827720
9
76371359073085005
