17126632546160221 15997996
NONE
NONE
58079755152109000 558999766
NONE
569990106321000481 487796995
7337931031 58996
10 1
18424 496
7567724126107 15997996
40024 55
NONE
751080005470 2239786
93162940001004601 138986128
72503344 36856
3800800 12880
133183207 5995
279534001146472 75958975
947336430033001225 99299278
NONE
424782018102106207 809286796
4858300135 996166
77937750012205180 1448699878
93560270077 4594996
NONE
4980034 5995
2223613 496
60130 91
17372341 17578
NONE
1481506201 5995
901178200 14878
35000173 2926
23051240794011115 4965976
55776000271654 176879836
NONE
316 55
136000 190
5279100160033 42591835
NONE
41002109130150001 3480841
NONE
713664304000433443 972735778
127 55
86093380 298378
NONE
744300100 41905
9007480 77815
22051 190
NONE
82584169102300591 495888778
NONE
631 91
NONE
40662801500194 51699196
108359602005304 94909753
46 28
449900032303 51394591
10 1
157166501503221415 76997845
10 1
291151 496
48247401100155031 55677628
4615942312 58996
39861202123 996166
NONE
NONE
10 1
148455100002471049 458999551
NONE
NONE
24211 55
NONE
3232 91
7300 55
87415470120750733 3439977985
302923 496
256678700142022210 33352858675
333833320600430230 53794378
168236240011014034 1099547065
762372032023 527878
NONE
43921 496
99097900028302240 90188654986
NONE
64 28
42870520 29890
10 1
NONE
514 28
280 28
41365002115 346528
2351283040 5995
9050536402423012 39653965
18910 496
NONE
5693089000652002 1820668996
NONE
64 28
109000 190
NONE
1826538421060 4787965
NONE
22780002151 693253
4123000 703
NONE
907210 1891
NONE
162719000571007 421878628
8936363102431222 57947995
NONE
NONE
NONE
443494041701521312 99849646
94546842130900 68954896
NONE
770104 6328
95443394007073411 678979675
80316403804 58996
NONE
95131 496
127820006011 161596
NONE
494424110224 668746
702139120021045 2447578
100 1
56016242771501503 39867985
7207290000096625 907699528
NONE
NONE
35721811 32896
885004017620770 319829986
NONE
159732334 199396
680696410110130 90659845
910800415 77815
620896030308208 15997996
1439400241 55945
35035042110166 58996
8772342000640210 223946866
64 28
644539804014511 75995956
1380304 8515
85321 496
74962501012225 52988365
87971832101503 94785796
2059021 946
10045 406
719301421 32896
NONE
90280 496
8170242024412 199396
712 91
552990131470 9467776
NONE
NONE
2320012 1540
3459921220 58996
NONE
3565600012 88831
NONE
10 1
10 1
2391432140027332 3997378
656600000341435651 2200356197578
7934041 14878
1709000042590 78644611
NONE
NONE
55 28
10 1
NONE
4084120 1378
NONE
NONE
NONE
89001901 282376
721 28
NONE
382080211301431 149878
61865201125 739936
NONE
NONE
63174600003035071 1592257096
10 1
NONE
879760034512111 5334566986
1350581400010 17578
731026 8128
73 28
NONE
30533170410289 3689686
NONE
93453378051900421 189978778
NONE
283212140000163103 4512167506
1842631021117 849556
760196810000206 99172486
10 1
NONE
