100
83872 19679
99979 90
270 2962
99999 99000
99990 92079
13430 34578
1 6
9 8050
90990 98990
92952 55455
64195 83909
99 33303
99300 37001
34454 99199
49783 9799
99999 54858
22068 7599
55555 99999
90966 21937
99999 909
99000 9999
9952 90999
3871 73
22321 19778
38909 99009
99999 99994
44844 90000
79105 58182
99015 55284
900 66666
9 7
57 9
99 99
26665 263
79665 99996
7 9000
9999 49983
56117 56117
83915 51557
2121 99996
9 57
49983 9999
36364 69243
99990 9002
999 1
40 3852
90380 9
69 9999
34636 33333
62 9999
34810 5
75777 43490
98998 45464
11191 9941
8545 93628
66385 66686
9 7
985 73303
56099 89808
9009 9710
99999 9
90301 90990
77777 87701
90099 30008
8009 99049
61999 35600
73 3871
65555 18566
9099 77216
99 80633
40002 70038
54273 999
98888 54555
20404 85555
99999 83179
7 9
9799 49783
70038 40002
99999 9
9090 87316
9 99990
47262 5371
90970 99090
91989 990
29735 4
59640 509
9999 77775
6 1
4356 9999
11111 11349
9090 9060
9999 75801
65554 22225
67009 6989
11349 11111
95583 9
75619 9900
7 10500
49999 63432
26041 67089
