100
9909999996995990 5855595555555555
7997099595999990 9929490909089993
3333333330383333 8888888888888888
4099990429087904 900900909999000
1111111111111111 1111111111111349
3871848153544354 85554844341337
7326410058287281 4444444444444044
9099990000999990 9030489695930000
9909079999199990 999999999999999
280154 7099909103997979
3688147439759771 3688147439759771
74628965 7777777777777777
575061 7902899900909907
8867459227779607 9917422382388267
9810099402090600 8888888888888888
99999999 1111111111111111
47798043 9990090909900090
9999999999999999 355
99009000099990 99999999999999
9999999999049099 999909099090999
990099 4444444444444444
999 1979990546080367
9242382687562870 5504937082629582
9989999999999099 7596232890949097
999999999999999 9999
732525024 7777777777777777
9000099000999999 9321297225
9645209 3467743560641920
3729895864302118 7777777767777777
9999999999999 99009900090099
9000000300590000 2
3657377531460080 999999999999999
9009000090999099 300000596075929
24602009 9999999
3357284745532 4833325429755
9900900090900000 9900099009099900
99 6274276904800196
8706364106500762 713584394
890181611344199 3738846778009726
8118111111111111 655251391397614
9613197592466636 5976661811718387
7243930434599838 999099909099009
977777777777799 4977777777777783
8888888888888888 9099900090090090
6666666666666666 672218830604142
4977777777777783 977777777777799
56576377287747 6765772974387
9699999990909990 990993523005905
19991090900900 3798756456130069
4444444844944444 999999999999999
92060499499808 97640330
7685880500039249 6666666666666666
4000000000000002 7000000000000038
2741688655077872 9999999
7674677785293 76775472857736
44558137358434 3584353858441147
3344080632121481 3480290590990200
9999999999999929 7646971617900477
900999999909090 99999990999090
7000000000000038 4000000000000002
9999000099999099 9442505771062895
7550548893271527 999
3004818155504720 909029810033409
3333333333333332 999999
7413 5099997909099969
44838604352754 1016034344504317
9988532693353843 4832161660050867
695399009998933 9000000000000000
9999899999959991 2287245090
9990000999099000 9009909000909099
1111111111111111 1111150111111111
7087414277400364 4244444444444444
5884888888888888 72486836390
680826164804558 9099099009990900
9910587094156613 9571683552870882
4444444144444444 9980694011599909
5825999600429920 99999
906019906004490 808090099931786
9999009099009159 2920040020050000
6666666666666666 4099055210840006
5012413577919653 7824586686911032
4444444444474444 1618098932568020
9999090909900900 6302545999008294
26252671098522 830794
1111111111111349 1111111111111111
9992779909997931 1890902000000098
9999 99990990030906
1111111111111115 99003909677407
9964266708529530 9990900000990090
9907999999999909 9990900999099909
7539452532834 2357545427833
7461664209345968 57
999999999999999 4999999999999983
9000000000999000 6133190407267070
4999999999999983 999999999999999
9181389474200045 3803731129250436
9525409740143581 9900909702260904
99999999999 9900740059009519
9009397139039809 4756472433962518
99999999999999 99999090900
