30
22 1 75
3 3 3 3 3 3 3 3 19 3 3 3 1 19 3 3 3 3 3 3 3 3
12 1 68
8 7 1 6 8 3 9 4 9 10 3 5
13 2 47
4 1 6 10 8 2 3 5 9 11 7 12 0
14 2 85
8 6 4 12 10 4 8 8 9 0 1 13 9 0
14 2 93
8 3 9 13 11 12 0 4 1 2 10 6 7 5
22 1 21
0 0 15 10 0 15 10 17 15 15 17 17 15 15 15 10 15 10 17 15 17 17
21 1 18
0 9 12 13 0 12 12 9 0 13 12 13 9 9 9 9 13 0 13 12 13
15 1 14
9 9 9 9 9 9 9 13 9 9 9 9 4 9 9
18 2 13
8 7 7 10 4 9 10 1 16 14 14 1 7 12 3 13 0 4
22 2 87
8 13 13 13 13 13 13 13 13 13 13 13 13 13 13 13 13 13 13 13 13 13
12 2 81
2 4 8 5 1 6 9 10 0 11 7 3
20 1 64
7 19 0 13 14 9 8 1 3 18 16 10 5 15 6 12 11 2 4 17
18 2 38
0 6 10 10 5 15 15 9 14 3 8 7 12 16 4 9 1 14
21 1 47
12 8 8 8 8 8 8 8 8 8 5 8 8 8 8 12 8 8 8 8 8
15 1 10
4 14 6 3 9 12 10 11 5 2 8 13 7 1 0
20 2 79
19 11 11 19 11 11 19 19 19 11 11 11 19 11 11 11 11 19 11 11
21 2 36
3 7 3 3 3 1 13 3 3 3 3 3 3 3 3 3 3 3 3 3 5
17 1 20
14 2 1 6 5 11 3 7 0 8 13 9 12 15 16 3 9
11 1 84
3 3 3 3 3 3 4 3 3 3 5
22 1 33
14 8 10 10 11 15 18 19 14 21 19 8 14 20 10 11 2 17 18 13 19 15
21 2 43
20 1 12 1 20 1 12 1 20 1 20 12 20 12 12 12 12 20 12 12 1
15 1 33
11 11 11 11 11 11 11 11 11 2 11 11 11 11 11
17 2 91
4 4 4 4 4 4 4 4 4 4 4 4 4 4 7 4 11
12 2 81
1 2 10 5 9 4 7 6 10 9 8 11
16 2 25
9 8 0 1 3 14 3 13 9 4 15 8 5 12 8 6
13 1 52
9 9 9 9 9 3 9 9 9 9 9 9 9
22 1 27
16 0 8 6 17 14 7 9 20 4 1 3 10 11 19 12 7 18 15 5 10 2
22 2 18
21 14 12 19 13 4 0 15 5 17 3 10 18 20 16 2 11 6 7 8 1 9
19 1 36
10 10 4 10 10 10 10 10 10 10 10 11 10 10 10 10 10 10 10
16 2 39
11 10 4 12 1 7 14 6 15 8 0 2 9 5 3 13
