10
18 1
884454879 612540549 934151703 863313935 317745236 943549185 788707126 118763530 174371486 254194044 184812826 927023563 83170370 39482055 382505773 136519510 335910423 678367843
20 1
472207048 497585837 572578249 646348954 672091093 740591093 776755609 783630908 812775846 883916433 890342136 971094076 116839111 155767652 239568569 318797777 325608589 327295492 402056867 452616027
19 1
215844913 405701213 656548987 500136769 676635653 953022360 74222599 386156832 108703914 624461486 687941765 483180776 267780772 339702799 644109979 515967645 965267560 763315329 948340115
19 1
9 1 166366468 6267802 7650 5028440 2457455 72315 73 835379981 7925 16989 6 2 892080 3205 62424387 17824493 2662121
19 1
927601411 725653909 754467176 737325644 683541011 770960280 292737661 660341993 390623648 289902478 540999542 249443343 462056847 523400178 598959725 980089243 965728436 726750818 726824252
16 1
623982204 534007691 64914624 232053102 352797619 336696933 350539429 140174724 193394598 963809573 921843559 135212078 64896796 46026020 621608439 526021305
2 1
4 7
14 1
90173159 70236388 38803774 3273111 896548041 784458190 759877179 738202123 651919038 624918675 609565947 550795533 501764927 362620979
20 1
442596350 43733697 160324692 649023416 231377316 458530514 653969134 676256835 884372922 715513314 777331075 809130356 915156039 856577320 121797502 364045799 105719369 179390127 298990739 393290931
2 1
700 400
