20
9 2
505020294 169794112 898990427 192478797 371092500 359737994 397913259 903703285 414006595
10 5
218244424 297344391 363135291 458365068 418854136 647587145 113457230 972879646 792870302 158346297
8 3
342541750 611376456 836641370 89797910 36865895 465312194 120120208 393831634
10 4
126319835 907386112 479740850 199749735 843109536 260891584 170364583 987098365 13253752 383896702
8 4
922575419 953611816 185050967 309289655 55403050 500198785 775519787 250239172
10 5
37107449 735753581 665108091 818716235 474309891 538774067 444042498 78851399 325948636 420329086
10 3
865613007 445716191 652174132 926521470 385232154 43278858 991173055 278739365 304435120 44714278
9 3
293217800 160812884 127476561 701626524 672734666 700460083 868256990 836068205 766035938
10 4
591027866 489440803 91884963 32037132 526501082 880565689 441839982 979219139 175380934 464240632
10 4
233623740 427590429 332925740 476816309 223375945 838100650 34222177 153613332 186607725 201168852
8 4
584400136 653509372 209804501 335517871 766000502 729312888 519877432 263108143
9 2
335202650 944723269 840806533 667153643 325650277 413539957 789034400 339573082 74781825
10 5
15 132254 94425879 4587772 348006908 152 2933538 10 202 66659081
10 3
727524665 174941222 657683166 176046445 338804659 23931415 291562650 355191928 181586880 899496787
10 3
98637922 420955255 516037935 950519736 972034083 252902834 83229694 83903603 327795970 671709641
9 3
813275334 96847195 601772939 259111326 668409708 602103992 234669488 608363465 589121078
10 4
212215309 348103937 516737509 872095084 691477134 579250424 119382500 443012192 634013463 748137004
9 3
174199266 304166460 317526879 452443249 299547746 852390686 834519862 489087706 269052340
10 5
239043611 845378183 839513820 667251754 629760109 527491969 455937942 296612314 260186055 244485366
10 5
404857339 425463981 548518050 632521332 670165246 29238608 73724800 251515941 280179252 374332942
