100
5 1
11 50
11 8
11 27
9 36
11 42
11 20
9 29
9 17
11 21
11 5
11 53
11 51
11 37
5 10
9 35
11 49
9 20
9 8
9 26
11 15
11 39
7 20
9 13
11 38
7 21
9 32
3 3
9 19
5 9
11 14
11 12
11 48
3 1
7 9
9 2
9 25
11 11
9 27
11 28
7 1
7 0
3 0
11 17
7 7
3 2
5 0
11 47
11 52
5 8
9 18
9 0
9 15
7 11
7 18
11 26
5 7
11 46
7 2
11 40
11 54
9 12
11 32
9 28
7 16
7 15
9 21
7 14
5 5
11 0
7 4
9 7
9 22
11 13
1 0
11 2
7 13
11 45
5 2
9 6
9 9
11 1
11 6
7 17
11 41
9 1
5 6
9 5
9 31
11 10
11 31
11 16
9 30
9 24
11 19
11 36
11 29
11 43
11 55
11 44
