100
37 495
75 2073
63 967
93 3197
39 268
99 3628
7 16
45 737
101 3777
23 188
7 20
65 1552
89 411
99 4850
61 1365
67 1651
97 3481
59 284
97 3479
97 2
101 3773
3 3
55 1108
17 100
19 127
89 1786
79 2302
9 6
93 1873
97 1
91 3061
69 1751
97 0
99 0
51 951
81 171
97 3482
5 7
101 5050
11 41
81 2420
39 552
59 1277
35 268
29 301
89 2926
1 0
39 407
41 610
17 83
101 3776
99 1812
99 3624
17 50
99 1
99 3626
87 2796
43 673
71 1856
21 155
15 78
13 57
35 443
97 3478
101 0
61 1080
65 1266
101 1492
3 1
99 3625
99 4851
97 3480
83 2543
97 4655
99 3627
31 346
25 222
33 392
101 1
101 3775
97 4656
9 26
47 806
99 2
31 288
53 1027
73 1962
77 2185
3 0
101 5049
101 2
101 3774
27 261
57 1190
49 876
11 29
63 1458
85 2667
31 101
95 3338
