100
54 6 0
7 7 1
28 24 0
17 16 0
59 36 0
8 3 1
46 20 0
31 1 0
41 36 0
7 6 1
40 9 0
32 31 0
60 31 0
23 1 0
5 4 1
6 1 1
5 1 1
33 26 0
60 60 1
6 5 0
13 6 1
21 13 0
33 8 0
22 21 0
58 43 0
60 1 1
40 5 0
8 5 1
30 6 0
7 3 1
6 6 1
40 12 0
7 5 1
41 24 0
4 3 0
51 27 0
7 7 0
1 1 0
60 12 0
9 8 0
15 9 0
7 1 0
14 6 1
55 5 0
36 25 0
13 7 1
48 5 0
8 2 1
60 59 1
26 20 0
60 29 0
60 2 1
7 2 1
53 3 0
6 3 1
38 26 0
32 30 0
51 6 0
33 17 0
6 4 1
47 8 0
7 4 1
4 2 0
44 25 0
26 1 0
26 17 0
33 21 0
8 6 1
47 47 0
6 2 1
59 57 1
47 12 0
8 4 1
26 20 0
42 7 0
6 5 1
29 20 0
8 1 1
60 39 0
59 29 0
8 8 1
32 27 0
32 16 0
59 30 0
21 5 1
14 8 1
42 14 0
5 3 1
27 18 0
42 1 0
20 16 1
5 5 1
7 1 1
39 16 0
59 13 0
5 2 1
14 7 1
8 7 1
60 30 0
12 10 0
