100

10 0.000000
0.000000 0.000000 0.000000 0.000000
0.000000 0.000000 0.000000 0.000000

8 0.000000
-780.169213 767.133669 82.449965 49.158932
-120.569491 1160.405123 82.449965 49.158932

94 0.000000
-2448.546684 -3034.523685 201.121347 -129.045620
-2448.546684 -3034.523685 38.595935 -48.688165

52 0.000000
4236.787764 1244.989030 48.512013 -133.802979
4236.787764 1244.989030 48.512013 -133.802979

8 0.000000
-4988.682254 2826.843146 232.957652 -233.859384
-4988.682254 2826.843146 -232.957652 233.859384

9 0.000000
-4514.120672 2987.432418 420.145341 279.271393
-4407.799922 -4172.506408 0.000000 0.000000

2 0.000000
-486.301608 -3729.019221 -102.628477 58.692488
-691.558562 -3611.634244 -61.803491 -236.143740

2 0.000000
10000.000000 10000.000000 0.000000 0.000000
-10000.000000 -10000.000000 0.000000 0.000000

48 0.000000
-1067.935767 -511.421702 500.000000 500.000000
-2314.951719 143.551755 -500.000000 -500.000000

2 0.000000
-2287.840622 0.000000 106.094782 0.000000
9993.733289 0.000000 -475.469373 0.000000

70 0.000000
1873.044190 1531.966816 245.003229 315.072152
-554.184538 -1589.429509 -245.003229 -315.072152

50 0.000000
-3747.304880 -4303.734329 0.000000 0.000000
-3747.604179 -4303.026161 0.000000 0.000000

1 0.000000
-6679.981256 -241.383308 -161.990414 187.350819
3363.603239 -994.423274 -187.874820 -328.303142

2 0.000000
9215.658782 1775.063229 353.214652 -216.092597
7372.545830 7596.518767 255.609572 271.236570

22 0.000000
0.599695 1.865733 -0.953898 1.701869
1.900974 1.114345 3.343935 1.271663

4 0.000000
19.709346 13.729106 0.076284 -0.083570
16.686706 18.891668 0.154907 -0.018081

4 0.000000
16.093313 13.330262 -2.348578 3.362806
-24.426180 -3.929215 -2.114108 -1.312103

12 0.000000
15.732329 -0.385173 -4.668325 -81.330312
15.021756 11.336049 -61.509407 -69.037507

12 0.000000
-3.512881 1.214196 -1.259683 -1.096928
5.643432 3.854842 -1.155774 0.118964

53 0.000000
8.848684 16.670375 -0.116298 -0.101538
-15.724096 15.053433 -0.116667 -0.150891

13 0.000000
709.489443 1500.611923 0.483181 0.612669
1326.087065 -1135.426018 0.202058 0.612063

2 0.000000
90.610270 -262.102158 -2.862736 -0.159993
-59.395865 117.245720 -0.028124 -0.618087

2 0.000000
31.391408 -33.940819 -0.626175 0.297391
22.826048 99.351472 0.663997 0.191319

68 0.000000
-14.593386 -1.883027 0.659829 5.014973
7.587298 2.333508 15.176399 -2.030420

8 0.000000
-169.541179 -53.057422 -15.139901 -31.666678
-56.325707 -16.805556 -316.986143 67.676290

1 0.000000
-0.085254 -1.434427 -0.464177 -0.341126
-1.163959 -1.096527 -0.842615 0.860337

5 0.000000
26.917386 -274.103592 -1.790407 0.431101
-24.565145 326.245713 1.419898 1.918167

14 0.000000
6.339602 -4.891641 -0.066070 0.710074
0.820255 6.323759 -0.255439 1.085678

70 0.000000
-216.595575 -75.125182 22.049231 25.389834
-257.108215 -50.136359 18.641057 15.595187

20 0.000000
-1.492048 3.573670 0.842553 0.854394
4.038956 -0.818154 0.054783 -1.378956

18 0.000000
-87.242772 29.191180 -0.066199 0.154094
-187.247172 226.374748 0.298412 -0.288504

10 0.000000
0.499320 -2.158811 -0.444332 -0.254697
2.141354 -2.968767 -0.715206 -0.238141

12 0.000000
-1.613576 -0.430551 0.113942 -0.775939
-0.635259 0.971625 -0.188065 0.663274

89 0.000000
-3316.132222 1102.954128 -1.273108 -3.016068
4219.288314 3128.521365 1.223720 2.137568

10 0.000000
1.046027 -1.586379 -0.135278 -0.880353
-0.391849 0.233764 0.195314 -0.497162

9 0.000000
2411.831676 1061.883707 -14.306905 1.552666
2626.025382 537.052415 4.592438 -13.281688

78 0.000000
17.082639 22.762097 -0.011092 0.047722
2.010558 -22.356033 -0.074200 -0.109775

95 0.000000
97.124940 61.063310 -0.054945 -0.192612
-24.524735 80.633118 -0.571062 -0.607239

50 0.000000
3479.437517 -2033.709585 4.709986 -21.887602
-466.098732 -1103.417410 27.993341 12.650889

2 0.000000
-0.192020 -1.201528 0.063917 0.138465
-2.476521 2.917973 -0.025887 0.101638

14 0.000000
1.079003 -1.813925 -0.037136 0.024483
3.178842 -2.199159 0.139996 -0.089456

4 0.000000
-1751.557582 2400.165630 -0.182276 0.196445
-1611.612486 5410.066838 -0.145444 -0.333871

5 0.000000
-254.575607 157.986245 1.017819 -0.453904
-33.751624 11.367102 1.059505 0.167931

84 0.000000
1523.711893 7516.260483 -64.420590 118.884955
-6944.920171 -4152.149340 185.408343 -135.383736

3 0.000000
62.106428 80.142753 36.462338 -47.345832
-15.838177 52.102781 -2.772005 59.691318

28 0.000000
3.313893 -2.279732 0.359722 0.565517
0.276767 -3.153375 0.730490 -0.607159

1 0.000000
-5.206479 -18.332958 -0.654465 -0.457521
-5.143419 11.305770 -0.187707 0.213946

5 0.000000
-1320.098430 1671.740827 -0.108686 0.182645
1072.176626 437.896945 -0.022458 0.131513

76 0.000000
-350.676975 118.142671 0.050919 -0.062213
186.190918 -330.599515 0.159041 0.088032

2 0.000000
0.440007 -1.880817 1.717513 1.530525
-2.507618 2.359910 -0.855387 -0.708271

16 0.000000
1412.928019 -2279.246146 -27.358157 -28.878084
384.698138 1142.989252 -38.478877 -17.891495

58 0.000000
-0.929709 -2.067211 -0.656197 1.172587
-2.251492 -0.244133 0.487521 -0.965029

4 0.000000
28.636672 -58.939969 -1.712945 -0.976422
-20.313485 -55.808898 -4.667679 3.240458

22 0.000000
0.981243 0.217320 -23.300102 -98.658593
1.087561 -0.868001 -26.833631 -28.329314

37 0.000000
30.247944 18.645830 56.887114 -33.483253
30.221383 18.148069 -56.740798 -89.368115

48 0.000000
23.438661 8.551329 0.237863 -0.319498
29.397067 -5.329542 -0.308222 0.115713

14 0.000000
-283.453583 -596.368875 -3.356776 4.177961
2944.099936 1686.599472 0.345303 5.166347

19 0.000000
1.576373 -3.242822 -4.463569 -2.997229
1.888282 -0.712076 3.615510 1.544405

18 0.000000
538.280671 229.513709 0.388751 -0.360283
27.154507 -88.864129 -0.437874 -0.237897

1 0.000000
8946.289415 -5724.031046 -276.241804 454.757516
-6669.141475 7164.304612 26.274162 -240.688217

85 0.000000
1.036782 0.923800 -133.399424 -59.842222
-0.255380 -0.261810 -37.434358 -102.107955

28 0.000000
855.040703 -1417.831039 24.884206 -1.718281
149.422673 -593.341100 -34.026444 -69.981195

5 0.000000
6.192224 7.542109 -14.091901 11.471411
-0.941985 2.351972 18.134699 -15.189445

2 0.000000
54.923630 -42.467327 0.005057 0.295567
-4.163486 -53.636491 0.614463 -1.217711

1 0.000000
27.471816 9.417552 0.189241 -0.097480
-17.028750 16.895350 0.082147 0.061627

1 0.000000
1214.233301 803.204275 -0.240573 0.292177
-1933.668531 2116.132354 -0.177925 0.187112

13 0.000000
-469.199275 166.980502 0.098054 -0.109601
282.035210 -204.385343 0.080484 -0.028334

9 0.000000
6.362254 -2.963754 1.838703 -9.480427
-6.456677 5.732955 2.584311 7.487272

8 0.000000
-505.732659 402.007121 319.929354 -403.522374
598.281467 362.750211 467.433921 -87.825196

5 0.000000
-1726.337880 -1603.638601 63.462862 -43.080385
-3081.346704 -1924.123106 -14.667724 23.016966

9 0.000000
-6954.378818 1083.024421 4.991179 -4.256680
-7692.887952 -2067.205999 3.481080 3.552104

4 0.000000
2.422202 -3.044409 -10.446759 52.201829
-3.271415 2.504886 -34.892318 96.626987

4 0.000000
6460.320897 -6114.867048 0.752182 -1.692783
-8180.418912 -6118.796437 -2.954427 -2.987908

31 0.000000
-8.920562 -4.661472 3.117886 -2.078201
-8.165250 -0.792371 -3.438746 3.038045

28 0.000000
-172.887788 -86.621068 -0.159743 -0.097803
108.035501 177.221163 -0.105616 -0.076564

2 0.000000
49.037032 -17.797787 91.841112 46.764584
-2.938178 -46.009900 -36.753892 -57.781474

83 0.000000
-45.513853 -75.388801 8.610474 -2.643694
71.035696 -162.464489 -9.679993 6.611968

13 0.000000
-6.397246 -2.240089 0.000309 -0.040300
-1.934854 6.084130 -0.095905 0.123843

3 0.000000
1831.955163 5435.991981 -3.411210 1.588337
-2618.108695 -3386.565165 0.230914 1.568212

10 0.000000
-1.324291 -0.989150 0.868478 15.220987
-0.938310 -1.019950 10.516461 15.650285

11 0.000000
-18.337124 -5.722622 -42.716054 -34.217557
-51.763319 21.728979 -42.253530 -9.344384

2 0.000000
-823.399406 -804.277586 0.217072 1.442731
-47.061254 641.262484 0.495570 -1.287365

25 0.000000
444.707550 -1412.818942 -0.301307 0.302055
1515.704981 1408.479188 -0.312167 0.200553

10 0.000000
-0.498379 85.489161 -266.547540 165.842747
-26.442226 10.546201 102.149060 46.585370

81 0.000000
764.600546 -638.539094 -5.191344 2.456567
264.093907 467.648763 -2.382125 2.185114

7 0.000000
24.019489 -22.473672 -27.259863 -63.552715
11.500123 -13.820922 -93.607353 94.788113

19 0.000000
5675.615663 6972.631321 1.161693 -1.587300
-6863.586143 7590.771377 2.822702 7.106249

1 0.000000
-17.673761 21.673090 -1.157959 -1.384017
18.395319 10.800113 -0.959790 0.189661

2 0.000000
-357.462637 -1324.529750 0.320877 -0.363681
1273.888217 -1288.042199 -0.085904 0.127293

39 0.000000
-1992.867773 -852.043361 -0.074972 -0.050866
-370.739419 -2025.583493 0.094158 -0.043895

6 0.000000
-145.219290 747.009697 0.153283 0.088661
-1070.719075 1100.684968 0.207925 0.170457

1 0.000000
-9.112716 -9.491927 5.583740 5.055525
-6.833559 -0.332378 -1.834633 4.598197

19 0.000000
445.994535 350.586321 3.678784 197.960063
-468.062996 59.360068 -60.928706 132.145575

8 0.000000
0.457359 -1.302527 -0.386753 -0.515686
-1.231770 0.806652 2.562574 -1.164370

6 0.000000
-1.018638 -9.894219 -2.528109 6.928409
-4.803797 21.806170 39.146964 -45.450439

84 0.000000
-1.116947 -0.665819 1.640960 -7.718471
-0.105294 -0.657249 -7.911709 2.770717

36 0.000000
84.476222 362.136772 -257.949946 181.642061
241.003926 -742.282844 219.897118 -402.866689

9 0.000000
-10.974877 -18.916474 -0.808588 -0.493846
20.060513 -46.168867 -0.424879 -0.030047

4 0.000000
-3343.596651 3245.718621 0.374721 -4.935160
-1566.402132 2289.488258 -1.798188 -3.865062

1 0.000000
-2.197531 -8.376329 170.776012 -117.941659
-12.215612 -3.540050 62.225910 221.338856
