100

16 0.000000
0.000000 0.000000 0.000000 0.000000
0.000000 0.000000 0.000000 0.000000

11 8.844323
-4070.025428 908.873793 -107.509834 -11.259686
-5252.633598 785.017245 -107.509834 -11.259686

7 16.014896
-3182.710618 3451.704767 82.383455 113.776789
-3182.710618 3451.704767 -127.754865 246.967416

10 12.362680
-3002.985690 -4218.217932 32.392918 157.098961
-3002.985690 -4218.217932 32.392918 157.098961

6 16.679798
4514.659261 -509.170085 0.431928 -69.914740
4514.659261 -509.170085 -0.431928 69.914740

2 500.000000
-4116.850910 2199.613490 -407.113392 77.632140
2334.593686 974.600155 0.000000 0.000000

6 6.061791
409.394536 4213.136688 -20.033241 -20.223776
289.195091 4091.794035 -147.468326 -108.998253

2 500.000000
10000.000000 10000.000000 0.000000 0.000000
-10000.000000 -10000.000000 0.000000 0.000000

19 29.839012
-2119.684942 349.685453 500.000000 500.000000
-2141.332458 -1010.165762 -500.000000 -500.000000

15 37.426171
-123.116849 0.000000 254.582066 0.000000
-4018.806221 0.000000 -188.798161 0.000000

12 77.595837
1407.281920 -4722.081345 390.860064 -288.856368
-1516.383984 -2561.411600 -390.860064 288.856368

10 0.003510
4203.279973 -776.814355 0.000000 0.000000
4202.564771 -776.750700 0.000000 0.000000

3 8.873587
2021.889758 3102.159545 -68.801455 -84.418980
1801.279358 2840.038808 -78.510532 -92.509248

15 18.553988
-537.862134 -2860.790642 19.503159 -96.961250
-86.550517 -5094.979062 25.635360 -187.908982

1 500.000000
5487.394562 2601.944101 55.230866 -211.456605
-824.224186 6043.846683 112.937295 244.173599

2 500.000000
8465.341272 1141.569114 308.014487 62.582917
-9493.948195 -5009.731507 38.546694 -198.567599

2 500.000000
8596.427161 -1567.526386 311.139901 83.154004
1720.880508 6070.360463 -106.915403 222.975150

4 0.350314
-2.316771 -1.665803 0.033463 -0.057926
-7.035885 -0.572321 -0.002260 -0.131346

5 0.286617
-39.102881 -14.660772 -0.117957 -0.032302
-44.014571 -24.816704 -0.118000 0.112895

14 4.617775
1586.840079 -2428.941034 -2.167058 -1.618953
-2347.342427 2073.276533 -2.165890 2.127434

1 3.180270
-0.882098 0.930957 1.614165 -2.849480
-7.690687 -3.941908 -1.782444 3.750008

20 1.306803
-74.803058 -31.393840 4.453034 -3.874495
-197.200955 -70.620332 6.600074 3.712542

17 0.618971
6.648293 -6.950146 3.488687 3.389580
-4.956390 2.016276 -2.384079 -0.053057

7 0.919122
-12.557484 -10.296037 -2.260293 -2.768461
0.411654 1.811653 3.057773 -1.619083

20 9.008856
3.817941 5.501232 116.884568 108.124044
0.578017 -7.388553 41.174450 -82.007034

2 436.400222
-3971.523890 -170.676163 -0.088932 -0.029021
2202.520774 -3043.272936 -0.001290 -0.021937

20 0.206266
-12.058356 -134.730366 -0.171563 0.215119
165.897206 -171.097223 -0.034923 -0.005652

7 163.505135
-8098.010443 -792.788057 -3.739227 -60.694485
-2925.495346 8119.633242 61.377052 65.847561

12 0.338263
10.821886 -1.423114 1.176210 -2.847251
-4.361869 -1.875664 -0.162249 6.602894

3 4.703572
35.910978 27.063935 0.004277 -0.038873
31.188276 4.622693 0.005669 -0.024984

4 33.345128
-1813.948462 1660.287013 -10.875637 -10.609481
-2200.960681 1796.029666 -14.061923 -14.023175

1 500.000000
826.329791 -853.355602 14.862896 120.599570
204.474307 924.539140 -163.744850 -73.514619

2 0.337286
-8.884639 -5.148067 -0.713368 -11.082929
-9.922323 5.866448 -12.400432 -13.800530

1 500.000000
6920.528557 -6662.368606 4.161210 42.358166
-6534.618346 -818.820241 -14.936541 7.715757

15 3.956139
-55.774895 -47.266435 -24.705716 26.737749
-43.209131 110.740151 22.826588 6.791206

13 0.021181
476.869841 -1945.931670 -12.033946 78.422792
-554.973003 -2448.731129 -29.249715 -11.188714

2 220.103447
-852.805606 -966.265240 166.341664 -210.533315
743.960104 -692.265563 -145.578193 -110.035830

8 0.173198
8.159760 -29.153972 0.548445 0.026724
14.701792 -31.442517 -1.237484 -1.581856

1 500.000000
-1893.859433 700.260309 0.258750 2.057979
99.755358 2905.833530 1.715861 -1.637051

19 68.502075
1116.458311 2725.986315 -219.168670 87.647925
3519.915023 -850.411448 -88.711126 -207.585155

4 7.842345
-19.589267 3.564731 11.824162 -6.596086
-22.902365 22.902153 -8.392768 -4.933402

4 0.391724
9.236217 -13.716060 -0.200816 -0.209730
11.999911 -7.451316 -0.186181 0.159124

9 1.176087
-104.895177 97.774367 1.592854 -0.463621
-140.158975 91.071260 -1.358750 -1.181511

2 0.652956
0.578323 0.324103 -0.793512 0.646978
0.845949 -0.224503 0.284772 0.523688

9 3.706901
-7.495257 6.673260 12.083036 -2.118455
-2.794631 3.749645 12.148494 -1.119988

5 0.185801
1.904125 -1.246070 0.002394 -0.071358
0.438712 2.659082 0.103912 -0.055134

6 0.440406
8.189190 -13.430038 0.208488 -0.434673
-13.617767 -10.605736 1.317036 2.221238

2 3.111448
14.792597 -1.228345 -0.077340 0.136676
0.192082 8.622761 0.057455 -0.171366

17 0.167955
3.147189 -14.221040 1.345632 0.910358
3.988279 2.033703 0.910201 -1.003349

1 6.792082
4.342309 1.161036 -4.301814 0.552785
-1.993999 4.559998 3.420808 -2.216891

9 1.509764
-42.343210 9.132001 -0.444190 -1.949937
-8.833381 -25.155519 2.518034 -2.344092

2 427.697540
-1514.815360 -2143.720738 -0.167754 0.171570
1246.691992 468.666083 0.020021 0.130607

17 8.257393
62.536894 53.599033 -76.064268 18.871582
29.096508 -55.706880 1.596242 -89.797593

6 21.500271
-1.950648 -1.643294 -98.726068 -75.961238
-0.518743 0.639891 42.351107 -92.958349

3 500.000000
-1091.372640 5132.070262 8.317716 -8.884136
-3301.164972 1835.329811 6.561103 -4.717979

2 0.818289
0.840904 -1.462533 -0.382063 -0.146755
-3.992602 0.206521 -0.314614 -0.241451

3 500.000000
-3757.130422 4849.153364 11.790114 -21.421286
2636.799896 557.479495 -17.474018 2.710920

5 16.731315
4.383139 -3.113082 76.232957 161.711734
-1.023495 3.026101 143.573591 281.641819

16 0.084384
10.643168 1.756348 -0.673761 -0.762018
8.329959 -0.093321 -1.530948 -0.392819

1 0.000000
-149.171415 -510.396718 -0.146997 0.322942
-13.860619 -474.887768 -0.388116 0.280181

10 8.783444
1908.805632 943.809743 -75.319182 81.181724
-2622.135286 -1623.292941 8.460330 157.689401

6 58.578939
878.183915 -1076.119274 -21.370179 -15.402049
177.418925 459.377967 -51.638186 -42.562065

2 31.422429
4.949666 3.149127 -125.914009 -119.703855
3.095642 -0.950813 -36.279868 -115.505174

3 18.398415
-137.395310 17.582014 66.741224 104.210991
139.336334 -192.229292 -189.670909 -161.082006

4 172.627151
-3439.447941 187.152722 0.248739 -0.124305
2141.492497 -3239.134583 -0.023230 -0.323607

6 20.648232
288.220502 69.269009 6.322812 5.240441
-236.843457 -268.447253 -1.098678 -2.469625

5 0.053169
-1.312999 1.175544 -0.049613 -0.202779
-1.241060 0.161547 0.103069 0.166524

3 15.549157
109.128920 -209.329343 0.134534 -0.146829
231.612902 327.914040 0.197557 -0.249557

15 0.000000
-2.288660 12.557198 6.824379 3.254407
7.713989 3.039696 3.961620 5.277410

3 0.072836
0.184794 0.271818 0.150855 0.156334
-0.599273 0.984210 -0.007718 -0.003993

1 5.678674
-32.570581 -38.378936 27.614571 34.594503
40.968170 -28.961114 54.941765 19.799812

5 2.038657
0.583965 -0.704332 -9.572925 4.715406
-0.609759 -0.024916 -8.181752 -10.339270

6 51.943685
-213.218289 223.237239 -314.241421 -188.966639
-87.099230 -11.391951 50.991347 -162.335680

7 150.757811
-0.802028 -3.061818 299.935394 -410.174421
-1.617996 3.378921 -368.590574 -387.336719

6 0.758528
-0.717441 0.071456 0.089713 -2.301548
-2.798482 -0.966430 -2.100224 -1.015561

7 0.551835
4.032774 4.416390 -1.552909 -0.799716
4.096565 -3.215837 -0.998563 4.845046

18 13.340904
-1217.307124 1268.313549 6.905525 0.788362
1332.671648 1053.457146 0.315845 -5.087829

11 17.948344
-884.732025 -864.212271 0.820735 -0.779599
-880.723928 -2826.528578 -0.596056 -2.201160

3 81.361017
-0.187848 -0.737433 -138.311422 -109.811230
-0.006288 0.776259 83.032880 113.089919

1 5.317857
-1.458819 -4.970717 -1.039944 -2.062969
2.172862 -4.492913 -0.087922 2.485667

4 2.334612
-41.191176 36.689392 -0.348418 0.083782
-20.651624 31.037418 0.208779 -0.239604

14 36.786169
2.909791 5.871976 -63.758973 218.489084
5.203116 0.940479 -51.380936 -15.871761

1 317.486099
1118.514290 -651.477778 0.902077 2.032154
825.728565 -770.047852 -27.555698 -25.308262

6 6.132597
-154.925801 41.837414 5.812650 4.885901
-113.300918 -193.693803 -0.574621 6.817370

1 500.000000
3515.412495 538.213266 -0.227702 0.631930
-8254.631883 -3354.820808 -0.749499 0.129248

10 28.598655
750.490956 -231.037770 0.306316 0.208726
-1261.813524 812.877899 0.194279 -0.005169

20 24.093468
-1215.530220 938.636499 266.684709 238.608666
367.230406 1546.972465 -24.968773 112.503848

5 2.918710
28.349652 -65.993143 10.866453 8.258220
-57.898741 -47.707686 3.727423 -11.784030

4 4.311612
11.734938 -32.092392 1.359022 1.280495
62.917091 51.614947 1.194246 -1.944754

13 4.018157
5.509263 5.859620 -6.018716 -20.642496
3.680216 7.247166 -24.488241 16.263303

11 0.091798
310.112857 141.115484 -3.432516 0.632068
225.406040 99.965396 0.799565 1.748114

8 17.262741
665.090688 -881.985361 11.019863 11.584023
420.333145 48.703234 9.288671 -10.965130

5 20.904521
-689.464522 -294.752228 12.917100 -68.891573
57.952921 -329.274571 24.076444 43.271587

3 11.263644
-43.969024 -31.012802 2.134518 2.364569
37.910909 -12.802648 -4.498260 4.081061

2 67.876949
98.323035 -45.799124 4.098269 2.672973
-72.539453 -24.188118 2.535340 2.490929

2 1.747236
-3.195218 -1.637646 7.372239 2.808712
-1.210692 -1.153700 5.672973 -1.892546

3 40.585983
396.085909 410.362888 0.197790 0.843371
-343.736029 -529.103999 0.456483 -0.753807

5 247.623439
3787.654817 -1482.265691 0.062219 0.128293
-940.217850 -2208.169782 0.078695 -0.081370

4 0.366390
26.073673 24.970813 0.006164 0.116733
-145.774995 133.982758 -0.396046 0.218554

7 64.988194
40.986911 59.218907 -69.485504 304.024153
17.983219 93.640441 -107.236089 -180.151113
