100

367 0.000000
0.000000 0.000000 0.000000 0.000000
0.000000 0.000000 0.000000 0.000000

59 2.277751
4603.130478 -2484.156704 54.253016 108.185341
4603.130478 -2484.156704 100.767542 83.793969

7 21.515297
4902.638106 -3608.451940 -232.716864 -14.195193
4902.638106 -3608.451940 -232.716864 -14.195193

339 0.229023
96.667131 -4897.463666 -43.212344 -36.405784
96.667131 -4897.463666 43.212344 36.405784

287 2.101466
-1928.946221 735.152849 -73.644229 437.254941
-4282.050957 -4218.902641 0.000000 0.000000

8 40.425603
1016.850303 2358.296437 -123.698205 -30.307197
27.264665 2115.838863 239.861155 -163.929607

3 500.000000
10000.000000 10000.000000 0.000000 0.000000
-10000.000000 -10000.000000 0.000000 0.000000

5 121.215122
-2463.661686 -2160.606611 500.000000 500.000000
-1657.419651 620.615747 -500.000000 -500.000000

56 1.498094
4635.866594 0.000000 -162.183536 0.000000
-3330.731317 0.000000 43.639148 0.000000

487 0.703573
-3760.893766 22.574324 108.758427 -238.652597
-5183.178881 3143.546602 -108.758427 238.652597

250 0.000013
4409.452461 -2640.350602 0.000000 0.000000
4409.012910 -2639.745355 0.000000 0.000000

42 16.018126
-3269.048490 205.279884 124.376771 -99.177488
2070.659304 -2343.076259 136.523675 -71.292454

47 25.439514
2559.096123 -3560.961973 29.292394 74.929730
5204.100396 -127.843036 -3.316759 28.378766

1 500.000000
6751.422850 6396.617704 -449.176480 -495.416221
7987.715738 -588.704405 463.082794 -441.990210

2 500.000000
-9194.371094 3810.873095 143.014391 -421.111399
2542.948373 -7719.662466 -4.027196 -282.178358

44 500.000000
9628.252351 -1840.846597 169.975863 35.356614
-6374.746305 737.229505 286.324648 -367.494084

1 500.000000
-3.657644 2637.881529 -106.902420 -10.870335
-4649.909102 -3660.620089 -86.487493 84.152452

37 2.099242
-551.342219 -950.825886 97.233146 2.489758
-31.995337 -64.878973 -117.802351 240.636618

41 0.942481
-24.460163 23.804545 -52.344577 2.853146
-12.273588 -26.385528 -257.073224 4.100017

339 0.799529
-1.722445 -0.072059 73.882051 -205.016077
0.720270 -1.308936 86.896354 22.415564

5 0.193686
-6.153073 7.592961 0.376259 -0.316249
-5.596903 1.380171 -0.023533 0.381355

58 0.035720
-41.306823 98.021673 -0.200926 0.048871
-36.174816 -92.155066 0.200873 0.175259

17 1.567694
654.316343 194.139928 -0.616160 0.003110
-160.153911 382.412054 -0.651780 0.544332

5 3.042348
18.746561 -1.489813 -41.623549 4.099162
-0.038504 21.357947 -5.365049 -20.787991

1 56.474612
-1.880436 -2.343727 47.445001 41.669083
-4.498433 2.940156 -29.801047 19.079093

386 0.369334
0.013238 -0.051890 128.879400 50.311661
-2.757353 -2.197136 131.789730 9.612360

486 0.011103
26.619537 218.285378 -0.475488 0.249566
-15.101474 -218.456592 0.010752 -0.522926

6 274.479650
-2119.143688 -3907.832515 0.274956 -0.141217
4137.656755 -2345.064395 0.360867 -0.111760

307 0.006828
-162.272260 -139.872017 0.009706 -0.130829
-85.174973 191.170489 0.084190 -0.103119

75 5.056172
-52.114090 64.646014 131.296974 189.617205
13.699654 39.503531 86.298161 47.432699

90 0.421425
-475.382672 -570.395146 -18.025209 12.376105
1408.624637 -2430.259568 -17.548687 -16.819257

67 0.001035
-1.861702 -1.866768 -0.219297 0.478462
1.059605 0.283263 -0.101035 -0.373684

117 3.898220
13.726728 -23.164186 116.593220 76.464702
4.978461 -27.038793 -98.095790 199.401704

423 0.000504
22.081342 45.871258 -0.080625 -0.007249
42.874375 -34.111988 -0.065940 -0.167960

4 0.011841
0.958958 -1.416301 -0.083221 -0.206344
1.192492 1.286513 0.123056 0.039753

7 0.397007
-0.410542 -2.004180 0.218665 0.775257
11.031073 3.921871 0.019267 -1.318886

3 9.746527
168.066379 431.265573 0.109453 0.058212
234.382267 498.328370 0.152793 0.144681

29 1.263789
1007.905880 22.978527 -68.768180 -18.892809
-789.839251 -84.276158 10.523604 76.063596

208 0.031153
-47.820412 39.159452 -0.907998 4.825369
-49.067489 -44.884325 10.115727 -1.730353

8 0.661960
226.883221 718.527932 3.909594 4.129513
806.971643 846.300781 -1.201575 -2.825761

111 0.040386
-6.693510 -3.597022 -1.518285 5.682641
-8.189907 -8.478230 7.812035 -6.590382

15 0.000000
65.252216 95.142146 0.116803 7.708229
-559.161573 -352.781192 -0.360044 4.889886

28 0.000000
500.317786 554.783711 4.786778 6.643193
-96.928491 181.817626 12.494555 6.891699

435 0.015998
-540.484574 521.456138 0.392247 -0.034752
-2186.826027 2734.700867 4.948540 4.818834

54 0.000000
646.978710 -1005.894733 -0.213519 -0.369252
491.035735 1321.031090 -0.382891 -0.427381

31 0.539247
904.152931 -371.873002 20.410512 18.169616
-680.639181 588.903540 -6.143394 -13.003612

34 5.243309
18.719086 -23.930116 62.443702 -82.239156
26.514891 3.804994 -288.318361 -117.485660

1 500.000000
1049.310736 1020.738209 0.292067 0.007925
-2036.598880 325.481950 0.235450 0.077774

8 68.764839
6064.286960 1565.884312 -113.002017 -88.573318
5313.694707 -2786.905955 46.345540 33.854137

4 0.246137
-1.167154 0.394506 -0.367254 -0.804110
0.426636 -1.108971 0.540121 -0.309871

13 31.424015
-467.954162 -35.482241 -21.470623 44.616749
409.191517 -578.357131 18.449176 47.865153

3 379.326863
1887.447055 -85.363220 -32.438479 0.500136
-303.580788 -2258.171972 -17.129777 -2.339777

143 0.001080
25.795106 -25.920010 0.114302 1.639528
-30.143472 38.575060 -1.886896 -0.307216

7 0.119866
3.509387 -18.078041 0.124597 -0.072617
-16.569359 39.170382 -0.090616 -0.099135

388 0.000000
-1003.580657 -1077.983737 48.456214 4.598652
808.678932 -1094.488534 -78.301855 69.244932

62 0.003120
-2.982492 2.903124 -0.347374 0.447041
1.243313 3.113793 0.066457 0.425033

16 0.312587
-2.674388 -0.398754 -5.510573 -3.274687
3.717805 -3.229775 -6.893338 -7.581650

8 62.744861
13.121134 18.384786 -45.574891 17.726719
-10.027581 8.047431 -208.415335 189.110459

399 0.024184
-321.345645 -1741.374549 -3.052763 -3.840706
449.404825 1657.630224 -7.558361 -6.984355

8 0.180104
0.320391 -0.168857 0.802417 0.862398
-0.415015 -0.711259 0.671858 -0.493367

3 27.031226
304.624292 235.136247 -3.121444 -28.619523
540.744312 -425.334955 3.212520 3.432115

453 0.000000
-1.835375 3.710767 -226.268548 -145.386946
-0.137715 0.982640 13.516578 104.767750

38 0.122588
-63.784234 36.150964 -0.085309 0.554624
86.094500 91.419908 -0.113583 -0.351391

57 0.031492
17.597348 18.468144 0.030793 0.321486
12.223380 -18.356271 -0.277482 -0.133334

492 0.000593
-3.486591 -68.115083 0.134977 -0.003172
-40.405650 -72.141457 0.050489 0.107519

57 0.080313
144.706071 -148.059702 -0.028318 -0.129970
157.919865 -60.619878 -0.017175 0.148929

26 1.085909
3.513444 -1.304161 -14.829746 4.517754
0.870086 1.750443 22.094083 19.739865

4 0.000000
421.059501 175.531911 0.217464 0.756439
-717.007207 1046.767295 -0.194819 0.098125

41 1.841950
564.450016 -562.827764 1.187989 0.212060
602.600549 -2964.666556 -0.027367 -0.193907

1 5.604797
-0.791610 -0.549389 1.069261 -9.023133
0.674342 -0.788651 9.889707 -1.262566

42 1.766313
0.197367 0.971940 130.365693 88.592752
0.504067 1.355304 -104.414274 -28.013724

41 1.943769
1286.263680 1532.390192 0.421823 -0.344917
-1061.564880 -815.021932 -0.380932 0.277452

6 63.167127
-1388.839788 -508.084207 -115.112609 192.636087
1344.724105 131.332331 198.609955 -245.052299

1 6.506608
-34.151375 45.465441 -5.742166 8.672255
41.053848 25.870293 9.251327 11.295936

55 1.059750
1.053317 -0.490888 -21.961460 23.323818
-0.323405 -1.172030 23.454734 24.581081

5 0.012157
-0.250641 1.101877 0.025058 -0.072550
-0.435211 0.609231 -0.128281 0.086131

45 0.008670
-0.501681 0.859480 -0.226800 -0.128891
-1.107842 -0.202857 0.164209 -0.137408

50 0.322992
-406.809617 -459.583303 0.207292 0.015321
-372.685324 347.782464 -0.115367 -0.203825

97 0.354012
1668.746362 -703.150413 -6.787785 -0.872482
-1552.230186 -420.190862 5.525820 -5.065062

78 2.171852
-10.327992 -11.793029 38.575039 43.783028
-11.863958 -8.008906 -43.346367 2.002854

15 11.637539
-9.019909 -9.324685 -229.530078 -64.013730
10.482561 -3.933109 10.176299 -73.169455

398 0.000000
104.759615 -465.298690 0.015019 0.054084
383.649299 -1178.817481 0.033565 0.073759

7 2.509124
-50.114721 1.432354 -0.058001 0.015228
32.851671 50.723283 -0.064035 0.114797

61 0.197488
-2607.571254 3442.859790 -22.853483 -8.558545
-3611.239506 1444.754879 -19.512053 -20.353731

196 0.005191
61.461280 -41.730904 -9.378049 29.191646
-67.427257 -10.209458 -27.150029 -5.587451

41 0.000000
1059.032798 -679.285112 0.943549 2.161520
811.305141 356.604872 0.159375 5.170817

62 1.296374
0.470233 -2.550207 -37.267330 -23.947258
2.149604 1.486626 -43.519865 44.557010

2 0.000000
-11.645446 3.174151 -2.887520 27.109554
8.459859 -1.673778 -14.694632 28.415178

23 0.000000
-1263.515703 1.498560 0.037985 -0.045694
-2595.724451 -328.173161 -0.004273 -0.026861

37 1.481661
-304.118079 -628.090876 -42.643980 40.235207
-233.414613 633.364335 -10.946985 -26.389015

2 0.065988
1.908650 -0.637885 -0.090250 0.088546
-1.377916 -1.189558 0.128475 -0.066498

113 1.198118
-101.198897 61.160641 0.255949 -43.937705
-29.040029 -14.290501 2.272733 16.705418

3 14.574127
-4.496110 41.960021 -6.692527 2.000807
7.849721 -11.389066 -1.035401 -2.432334

130 0.054185
242.855917 -84.028803 -135.229456 301.406889
339.792285 -439.072873 -59.966935 264.027888

1 10.144416
6.484481 -1.226136 -0.455259 0.453926
22.563446 -27.628747 0.376164 0.076364

333 0.001526
0.803839 -3.832725 0.476290 0.314803
1.935214 -4.076407 -0.011204 -0.491706

1 1.706063
35.861418 -20.224078 -0.105055 -0.099025
28.687513 12.927988 0.102739 0.120641

439 0.000202
105.513098 12.702416 -0.081226 0.002236
145.465744 -22.546509 -0.037423 -0.040617

5 58.246750
-5773.710856 1163.782492 0.083684 0.110776
-3617.536536 3201.537582 -0.179315 0.171817

113 0.083931
12.164112 9.589846 3.603216 5.086467
4.331903 0.716460 1.530455 -1.186093
